0	 54
1	 94
2	 79
3	 87
4	 77
5	 87
6	 87
7	 76
8	 80
9	 67
10	 77
11	 87
12	 86
13	 70
14	 72
15	 79
16	 80
17	 80
18	 80
19	 66
20	 82
21	 77
22	 64
23	 63
24	 91
25	 80
26	 86
27	 62
28	 100
29	 89
30	 72
31	 68
32	 76
33	 103
34	 80
35	 69
36	 75
37	 37
38	 77
39	 59
40	 88
41	 94
42	 78
43	 73
44	 79
45	 68
46	 80
47	 80
48	 72
49	 79
50	 86
51	 75
52	 86
53	 57
54	 77
55	 85
56	 94
57	 71
58	 80
59	 72
60	 75
61	 75
62	 70
63	 74
64	 92
65	 81
66	 76
67	 78
68	 66
69	 81
70	 83
71	 77
72	 83
73	 80
74	 78
75	 50
76	 74
77	 57
78	 65
79	 73
80	 77
81	 103
82	 79
83	 80
84	 80
85	 94
86	 76
87	 79
88	 78
89	 90
90	 104
91	 73
92	 92
93	 76
94	 79
95	 67
96	 90
97	 64
98	 73
99	 89
100	 76
101	 96
102	 46
103	 69
104	 82
105	 79
106	 76
107	 86
108	 74
109	 85
110	 70
111	 65
112	 84
113	 88
114	 83
115	 76
116	 84
117	 77
118	 92
119	 92
120	 74
121	 86
122	 77
123	 75
124	 91
125	 91
126	 81
127	 73
128	 90
129	 78
130	 73
131	 89
132	 95
133	 77
134	 72
135	 70
136	 81
137	 89
138	 81
139	 82
140	 78
141	 44
142	 81
143	 80
144	 74
145	 99
146	 74
147	 87
148	 79
149	 78
150	 85
151	 79
152	 66
153	 79
154	 88
155	 77
156	 64
157	 84
158	 89
159	 81
160	 97
161	 93
162	 68
163	 87
164	 73
165	 75
166	 59
167	 58
168	 87
169	 85
170	 81
171	 86
172	 68
173	 91
174	 89
175	 88
176	 77
177	 88
178	 84
179	 66
180	 78
181	 62
182	 71
183	 73
184	 79
185	 81
186	 78
187	 67
188	 92
189	 89
190	 89
191	 88
192	 83
193	 82
194	 104
195	 70
196	 93
197	 71
198	 95
199	 82
200	 85
201	 91
202	 63
203	 79
204	 88
205	 72
206	 81
207	 70
208	 89
209	 73
210	 74
211	 71
212	 76
213	 78
214	 71
215	 92
216	 88
217	 77
218	 81
219	 75
220	 88
221	 72
222	 86
223	 79
224	 66
225	 82
226	 74
227	 74
228	 83
229	 92
230	 44
231	 90
232	 82
233	 81
234	 53
235	 73
236	 84
237	 42
238	 93
239	 83
240	 70
241	 78
242	 75
243	 89
244	 77
245	 67
246	 86
247	 88
248	 71
249	 74
250	 83
251	 56
252	 90
253	 73
254	 79
255	 72
256	 75
257	 88
258	 88
259	 81
260	 104
261	 70
262	 79
263	 80
264	 66
265	 70
266	 78
267	 92
268	 83
269	 93
270	 76
271	 78
272	 80
273	 73
274	 60
275	 75
276	 82
277	 87
278	 92
279	 72
280	 86
281	 73
282	 91
283	 85
284	 66
285	 84
286	 99
287	 69
288	 78
289	 75
290	 71
291	 67
292	 82
293	 70
294	 69
295	 82
296	 73
297	 82
298	 78
299	 85
300	 77
301	 83
302	 90
303	 76
304	 83
305	 85
306	 91
307	 57
308	 55
309	 93
310	 77
311	 90
312	 48
313	 71
314	 76
315	 72
316	 79
317	 82
318	 66
319	 61
320	 48
321	 79
322	 70
323	 74
324	 74
325	 91
326	 97
327	 89
328	 75
329	 79
330	 82
331	 70
332	 80
333	 75
334	 86
335	 77
336	 85
337	 82
338	 64
339	 83
340	 50
341	 76
342	 82
343	 49
344	 90
345	 69
346	 64
347	 98
348	 81
349	 77
350	 80
351	 60
352	 92
353	 81
354	 71
355	 70
356	 77
357	 88
358	 79
359	 76
360	 83
361	 89
362	 74
363	 68
364	 82
365	 88
366	 61
367	 65
368	 72
369	 94
370	 66
371	 95
372	 83
373	 97
374	 77
375	 71
376	 88
377	 73
378	 74
379	 78
380	 77
381	 74
382	 88
383	 88
384	 98
385	 86
386	 87
387	 77
388	 75
389	 78
390	 80
391	 82
392	 85
393	 101
394	 88
395	 88
396	 75
397	 90
398	 53
399	 86
400	 83
401	 76
402	 67
403	 88
404	 78
405	 84
406	 80
407	 92
408	 90
409	 78
410	 84
411	 86
412	 79
413	 79
414	 75
415	 96
416	 80
417	 50
418	 70
419	 85
420	 81
421	 69
422	 90
423	 85
424	 79
425	 70
426	 77
427	 73
428	 71
429	 79
430	 80
431	 81
432	 79
433	 85
434	 61
435	 92
436	 83
437	 86
438	 89
439	 75
440	 73
441	 75
442	 65
443	 67
444	 91
445	 81
446	 91
447	 75
448	 73
449	 76
450	 80
451	 73
452	 79
453	 84
454	 67
455	 88
456	 87
457	 52
458	 86
459	 65
460	 82
461	 88
462	 71
463	 81
464	 84
465	 71
466	 87
467	 63
468	 85
469	 70
470	 72
471	 51
472	 61
473	 83
474	 57
475	 66
476	 83
477	 83
478	 93
479	 59
480	 75
481	 88
482	 60
483	 90
484	 79
485	 74
486	 97
487	 74
488	 43
489	 87
490	 85
491	 90
492	 81
493	 74
494	 77
495	 80
496	 91
497	 70
498	 89
499	 78
500	 80
501	 100
502	 71
503	 80
504	 66
505	 75
506	 93
507	 74
508	 70
509	 89
510	 67
511	 85
512	 78
513	 81
514	 61
515	 82
516	 76
517	 83
518	 63
519	 83
520	 75
521	 66
522	 77
523	 65
524	 83
525	 71
526	 82
527	 62
528	 67
529	 78
530	 76
531	 78
532	 88
533	 68
534	 76
535	 93
536	 73
537	 81
538	 81
539	 73
540	 92
541	 49
542	 74
543	 98
544	 86
545	 84
546	 84
547	 81
548	 75
549	 74
550	 64
551	 79
552	 59
553	 91
554	 63
555	 67
556	 81
557	 77
558	 85
559	 74
560	 73
561	 84
562	 67
563	 87
564	 72
565	 92
566	 71
567	 73
568	 83
569	 65
570	 79
571	 82
572	 104
573	 86
574	 83
575	 86
576	 67
577	 89
578	 81
579	 85
580	 83
581	 79
582	 81
583	 75
584	 79
585	 79
586	 78
587	 63
588	 87
589	 81
590	 72
591	 73
592	 82
593	 87
594	 82
595	 82
596	 65
597	 74
598	 66
599	 72
600	 86
601	 70
602	 83
603	 89
604	 70
605	 95
606	 81
607	 82
608	 80
609	 64
610	 71
611	 75
612	 67
613	 78
614	 85
615	 72
616	 73
617	 71
618	 93
619	 85
620	 70
621	 71
622	 87
623	 83
624	 73
625	 54
626	 62
627	 77
628	 68
629	 78
630	 82
631	 84
632	 91
633	 74
634	 76
635	 50
636	 77
637	 81
638	 76
639	 69
640	 75
641	 86
642	 61
643	 81
644	 81
645	 69
646	 73
647	 80
648	 67
649	 77
650	 85
651	 68
652	 67
653	 62
654	 77
655	 74
656	 79
657	 71
658	 78
659	 79
660	 58
661	 78
662	 81
663	 64
664	 85
665	 87
666	 68
667	 75
668	 83
669	 94
670	 83
671	 89
672	 80
673	 90
674	 43
675	 75
676	 82
677	 89
678	 76
679	 87
680	 77
681	 62
682	 86
683	 53
684	 89
685	 79
686	 91
687	 76
688	 81
689	 78
690	 74
691	 89
692	 86
693	 71
694	 84
695	 70
696	 77
697	 82
698	 78
699	 80
700	 82
701	 87
702	 82
703	 79
704	 102
705	 72
706	 71
707	 94
708	 81
709	 78
710	 81
711	 74
712	 85
713	 84
714	 104
715	 67
716	 88
717	 94
718	 79
719	 76
720	 46
721	 81
722	 78
723	 52
724	 76
725	 87
726	 89
727	 60
728	 98
729	 78
730	 88
731	 75
732	 86
733	 82
734	 85
735	 96
736	 97
737	 67
738	 63
739	 84
740	 83
741	 83
742	 75
743	 79
744	 80
745	 89
746	 82
747	 85
748	 93
749	 57
750	 90
751	 78
752	 87
753	 96
754	 82
755	 84
756	 93
757	 83
758	 60
759	 83
760	 99
761	 86
762	 72
763	 86
764	 63
765	 92
766	 100
767	 53
768	 89
769	 65
770	 76
771	 49
772	 70
773	 78
774	 92
775	 85
776	 74
777	 71
778	 69
779	 85
780	 73
781	 86
782	 71
783	 50
784	 65
785	 74
786	 49
787	 84
788	 95
789	 74
790	 81
791	 77
792	 75
793	 79
794	 67
795	 65
796	 77
797	 64
798	 80
799	 104
800	 82
801	 73
802	 80
803	 67
804	 74
805	 84
806	 69
807	 56
808	 98
809	 76
810	 71
811	 65
812	 86
813	 86
814	 71
815	 91
816	 88
817	 75
818	 81
819	 82
820	 60
821	 82
822	 63
823	 83
824	 53
825	 97
826	 85
827	 84
828	 91
829	 76
830	 91
831	 81
832	 70
833	 69
834	 97
835	 88
836	 87
837	 85
838	 76
839	 75
840	 81
841	 81
842	 70
843	 73
844	 70
845	 97
846	 81
847	 67
848	 82
849	 74
850	 79
851	 56
852	 75
853	 89
854	 84
855	 65
856	 79
857	 80
858	 81
859	 86
860	 64
861	 73
862	 65
863	 79
864	 81
865	 74
866	 63
867	 70
868	 66
869	 89
870	 81
871	 72
872	 80
873	 97
874	 74
875	 64
876	 67
877	 70
878	 83
879	 77
880	 88
881	 76
882	 84
883	 94
884	 86
885	 80
886	 71
887	 82
888	 76
889	 66
890	 65
891	 78
892	 68
893	 83
894	 78
895	 84
896	 95
897	 73
898	 91
899	 95
900	 73
901	 69
902	 64
903	 68
904	 86
905	 76
906	 78
907	 69
908	 91
909	 73
910	 62
911	 64
912	 68
913	 98
914	 73
915	 78
916	 90
917	 91
918	 84
919	 77
920	 68
921	 83
922	 86
923	 89
924	 87
925	 72
926	 84
927	 85
928	 57
929	 77
930	 78
931	 98
932	 101
933	 60
934	 80
935	 73
936	 69
937	 98
938	 86
939	 86
940	 83
941	 72
942	 90
943	 81
944	 82
945	 72
946	 79
947	 60
948	 80
949	 91
950	 72
951	 69
952	 51
953	 87
954	 69
955	 88
956	 80
957	 78
958	 85
959	 83
960	 70
961	 89
962	 69
963	 85
964	 76
965	 76
966	 88
967	 96
968	 51
969	 65
970	 74
971	 82
972	 78
973	 68
974	 69
975	 73
976	 39
977	 74
978	 85
979	 97
980	 71
981	 80
982	 74
983	 73
984	 74
985	 84
986	 85
987	 77
988	 85
989	 96
990	 74
991	 100
992	 93
993	 93
994	 74
995	 83
996	 77
997	 91
998	 75
999	 81
1000	 85
1001	 90
1002	 95
1003	 74
1004	 103
1005	 98
1006	 83
1007	 74
1008	 78
1009	 89
1010	 79
1011	 51
1012	 83
1013	 72
1014	 81
1015	 80
1016	 73
1017	 71
1018	 93
1019	 101
1020	 70
1021	 83
1022	 83
1023	 87
1024	 75
1025	 71
1026	 87
1027	 68
1028	 90
1029	 90
1030	 73
1031	 66
1032	 93
1033	 71
1034	 85
1035	 81
1036	 70
1037	 69
1038	 103
1039	 78
1040	 79
1041	 96
1042	 76
1043	 73
1044	 85
1045	 69
1046	 73
1047	 92
1048	 85
1049	 88
1050	 77
1051	 71
1052	 75
1053	 68
1054	 79
1055	 49
1056	 72
1057	 92
1058	 83
1059	 72
1060	 59
1061	 80
1062	 86
1063	 82
1064	 92
1065	 79
1066	 66
1067	 44
1068	 79
1069	 64
1070	 77
1071	 87
1072	 88
1073	 68
1074	 84
1075	 77
1076	 81
1077	 69
1078	 69
1079	 79
1080	 92
1081	 87
1082	 79
1083	 95
1084	 104
1085	 89
1086	 63
1087	 90
1088	 69
1089	 86
1090	 59
1091	 78
1092	 79
1093	 71
1094	 86
1095	 83
1096	 73
1097	 85
1098	 74
1099	 67
1100	 79
1101	 66
1102	 86
1103	 92
1104	 75
1105	 82
1106	 83
1107	 89
1108	 86
1109	 52
1110	 84
1111	 72
1112	 73
1113	 97
1114	 75
1115	 69
1116	 68
1117	 74
1118	 82
1119	 44
1120	 68
1121	 86
1122	 77
1123	 66
1124	 83
1125	 79
1126	 83
1127	 74
1128	 85
1129	 87
1130	 74
1131	 74
1132	 65
1133	 86
1134	 100
1135	 76
1136	 69
1137	 87
1138	 99
1139	 67
1140	 77
1141	 84
1142	 55
1143	 68
1144	 80
1145	 79
1146	 90
1147	 65
1148	 80
1149	 80
1150	 68
1151	 78
1152	 83
1153	 83
1154	 78
1155	 67
1156	 75
1157	 70
1158	 72
1159	 76
1160	 77
1161	 71
1162	 65
1163	 80
1164	 67
1165	 92
1166	 61
1167	 67
1168	 75
1169	 77
1170	 57
1171	 74
1172	 80
1173	 81
1174	 83
1175	 77
1176	 66
1177	 79
1178	 49
1179	 95
1180	 83
1181	 78
1182	 74
1183	 73
1184	 69
1185	 85
1186	 83
1187	 67
1188	 76
1189	 71
1190	 78
1191	 89
1192	 79
1193	 79
1194	 68
1195	 74
1196	 87
1197	 82
1198	 73
1199	 88
1200	 81
1201	 91
1202	 95
1203	 82
1204	 92
1205	 94
1206	 70
1207	 78
1208	 86
1209	 80
1210	 76
1211	 103
1212	 78
1213	 77
1214	 87
1215	 87
1216	 95
1217	 61
1218	 68
1219	 76
1220	 77
1221	 57
1222	 65
1223	 84
1224	 74
1225	 78
1226	 78
1227	 74
1228	 68
1229	 72
1230	 82
1231	 74
1232	 80
1233	 73
1234	 92
1235	 72
1236	 64
1237	 85
1238	 79
1239	 78
1240	 91
1241	 79
1242	 76
1243	 60
1244	 81
1245	 76
1246	 88
1247	 86
1248	 74
1249	 93
1250	 77
1251	 90
1252	 83
1253	 78
1254	 85
1255	 76
1256	 91
1257	 68
1258	 77
1259	 78
1260	 73
1261	 96
1262	 81
1263	 85
1264	 77
1265	 72
1266	 72
1267	 83
1268	 95
1269	 62
1270	 85
1271	 94
1272	 79
1273	 75
1274	 86
1275	 72
1276	 81
1277	 86
1278	 77
1279	 76
1280	 78
1281	 74
1282	 84
1283	 100
1284	 86
1285	 75
1286	 82
1287	 77
1288	 69
1289	 56
1290	 101
1291	 78
1292	 86
1293	 74
1294	 57
1295	 73
1296	 72
1297	 84
1298	 77
1299	 76
1300	 72
1301	 72
1302	 67
1303	 71
1304	 73
1305	 64
1306	 71
1307	 40
1308	 76
1309	 80
1310	 69
1311	 98
1312	 82
1313	 74
1314	 81
1315	 94
1316	 62
1317	 91
1318	 79
1319	 78
1320	 88
1321	 67
1322	 84
1323	 78
1324	 74
1325	 70
1326	 73
1327	 74
1328	 73
1329	 89
1330	 67
1331	 76
1332	 64
1333	 88
1334	 71
1335	 76
1336	 62
1337	 72
1338	 91
1339	 85
1340	 79
1341	 90
1342	 92
1343	 71
1344	 79
1345	 77
1346	 81
1347	 97
1348	 67
1349	 83
1350	 80
1351	 81
1352	 67
1353	 64
1354	 63
1355	 77
1356	 92
1357	 81
1358	 82
1359	 87
1360	 74
1361	 85
1362	 68
1363	 87
1364	 96
1365	 82
1366	 85
1367	 73
1368	 63
1369	 86
1370	 91
1371	 65
1372	 84
1373	 90
1374	 74
1375	 77
1376	 83
1377	 70
1378	 84
1379	 74
1380	 82
1381	 66
1382	 97
1383	 84
1384	 72
1385	 80
1386	 76
1387	 60
1388	 51
1389	 93
1390	 57
1391	 83
1392	 75
1393	 89
1394	 73
1395	 77
1396	 81
1397	 65
1398	 86
1399	 85
1400	 63
1401	 72
1402	 90
1403	 73
1404	 77
1405	 85
1406	 79
1407	 76
1408	 77
1409	 77
1410	 85
1411	 92
1412	 63
1413	 78
1414	 69
1415	 78
1416	 94
1417	 95
1418	 67
1419	 70
1420	 79
1421	 78
1422	 68
1423	 74
1424	 66
1425	 78
1426	 63
1427	 95
1428	 76
1429	 83
1430	 46
1431	 90
1432	 63
1433	 82
1434	 103
1435	 78
1436	 87
1437	 77
1438	 90
1439	 84
1440	 73
1441	 84
1442	 76
1443	 99
1444	 71
1445	 71
1446	 74
1447	 65
1448	 91
1449	 82
1450	 77
1451	 81
1452	 73
1453	 75
1454	 68
1455	 70
1456	 86
1457	 80
1458	 65
1459	 84
1460	 97
1461	 70
1462	 75
1463	 91
1464	 74
1465	 84
1466	 75
1467	 72
1468	 69
1469	 80
1470	 82
1471	 82
1472	 72
1473	 74
1474	 70
1475	 92
1476	 103
1477	 76
1478	 69
1479	 76
1480	 82
1481	 73
1482	 72
1483	 66
1484	 84
1485	 74
1486	 76
1487	 88
1488	 80
1489	 69
1490	 70
1491	 61
1492	 76
1493	 78
1494	 79
1495	 80
1496	 57
1497	 89
1498	 86
1499	 73
1500	 87
1501	 91
1502	 76
1503	 61
1504	 88
1505	 79
1506	 72
1507	 80
1508	 94
1509	 72
1510	 81
1511	 78
1512	 74
1513	 52
1514	 76
1515	 66
1516	 67
1517	 57
1518	 89
1519	 89
1520	 72
1521	 66
1522	 70
1523	 56
1524	 75
1525	 83
1526	 77
1527	 80
1528	 85
1529	 81
1530	 88
1531	 85
1532	 83
1533	 77
1534	 78
1535	 68
1536	 68
1537	 84
1538	 78
1539	 86
1540	 83
1541	 79
1542	 76
1543	 96
1544	 84
1545	 61
1546	 85
1547	 48
1548	 75
1549	 74
1550	 77
1551	 84
1552	 80
1553	 80
1554	 68
1555	 74
1556	 78
1557	 72
1558	 63
1559	 80
1560	 104
1561	 68
1562	 68
1563	 63
1564	 71
1565	 77
1566	 71
1567	 63
1568	 77
1569	 74
1570	 80
1571	 76
1572	 46
1573	 92
1574	 66
1575	 66
1576	 86
1577	 70
1578	 86
1579	 79
1580	 79
1581	 71
1582	 83
1583	 85
1584	 84
1585	 77
1586	 74
1587	 87
1588	 79
1589	 65
1590	 80
1591	 80
1592	 66
1593	 73
1594	 70
1595	 70
1596	 56
1597	 88
1598	 76
1599	 94
1600	 77
1601	 56
1602	 70
1603	 87
1604	 68
1605	 91
1606	 76
1607	 77
1608	 91
1609	 72
1610	 78
1611	 74
1612	 76
1613	 79
1614	 63
1615	 80
1616	 92
1617	 67
1618	 72
1619	 75
1620	 67
1621	 73
1622	 74
1623	 40
1624	 83
1625	 57
1626	 70
1627	 75
1628	 105
1629	 65
1630	 75
1631	 66
1632	 77
1633	 77
1634	 84
1635	 80
1636	 83
1637	 82
1638	 88
1639	 83
1640	 73
1641	 78
1642	 91
1643	 74
1644	 76
1645	 78
1646	 74
1647	 83
1648	 84
1649	 79
1650	 79
1651	 81
1652	 74
1653	 83
1654	 86
1655	 84
1656	 78
1657	 88
1658	 86
1659	 75
1660	 38
1661	 77
1662	 82
1663	 84
1664	 79
1665	 61
1666	 81
1667	 95
1668	 67
1669	 67
1670	 86
1671	 57
1672	 76
1673	 73
1674	 83
1675	 69
1676	 80
1677	 87
1678	 67
1679	 80
1680	 64
1681	 102
1682	 86
1683	 99
1684	 89
1685	 75
1686	 90
1687	 78
1688	 98
1689	 98
1690	 82
1691	 83
1692	 78
1693	 49
1694	 88
1695	 84
1696	 77
1697	 57
1698	 80
1699	 79
1700	 72
1701	 87
1702	 63
1703	 71
1704	 70
1705	 90
1706	 79
1707	 87
1708	 75
1709	 100
1710	 77
1711	 80
1712	 78
1713	 72
1714	 61
1715	 93
1716	 82
1717	 84
1718	 81
1719	 84
1720	 82
1721	 76
1722	 72
1723	 72
1724	 81
1725	 68
1726	 70
1727	 89
1728	 82
1729	 94
1730	 96
1731	 77
1732	 78
1733	 80
1734	 60
1735	 94
1736	 83
1737	 94
1738	 77
1739	 79
1740	 72
1741	 72
1742	 78
1743	 91
1744	 84
1745	 96
1746	 80
1747	 96
1748	 88
1749	 81
1750	 77
1751	 86
1752	 93
1753	 83
1754	 83
1755	 90
1756	 77
1757	 74
1758	 73
1759	 81
1760	 91
1761	 49
1762	 86
1763	 77
1764	 87
1765	 72
1766	 75
1767	 75
1768	 81
1769	 84
1770	 75
1771	 90
1772	 92
1773	 52
1774	 68
1775	 73
1776	 79
1777	 56
1778	 67
1779	 90
1780	 81
1781	 86
1782	 98
1783	 90
1784	 71
1785	 79
1786	 86
1787	 86
1788	 61
1789	 78
1790	 83
1791	 74
1792	 68
1793	 69
1794	 88
1795	 93
1796	 68
1797	 89
1798	 66
1799	 74
1800	 73
1801	 76
1802	 80
1803	 76
1804	 83
1805	 96
1806	 75
1807	 73
1808	 75
1809	 73
1810	 64
1811	 75
1812	 67
1813	 64
1814	 88
1815	 77
1816	 83
1817	 97
1818	 74
1819	 85
1820	 70
1821	 83
1822	 75
1823	 70
1824	 60
1825	 79
1826	 91
1827	 72
1828	 86
1829	 79
1830	 73
1831	 83
1832	 77
1833	 79
1834	 78
1835	 83
1836	 74
1837	 63
1838	 38
1839	 84
1840	 69
1841	 86
1842	 84
1843	 80
1844	 73
1845	 71
1846	 87
1847	 83
1848	 85
1849	 58
1850	 77
1851	 90
1852	 78
1853	 66
1854	 81
1855	 75
1856	 71
1857	 90
1858	 85
1859	 74
1860	 86
1861	 95
1862	 87
1863	 89
1864	 90
1865	 81
1866	 61
1867	 81
1868	 74
1869	 97
1870	 83
1871	 82
1872	 92
1873	 75
1874	 86
1875	 72
1876	 72
1877	 87
1878	 80
1879	 74
1880	 76
1881	 76
1882	 85
1883	 76
1884	 90
1885	 75
1886	 70
1887	 88
1888	 78
1889	 90
1890	 80
1891	 98
1892	 68
1893	 82
1894	 72
1895	 64
1896	 55
1897	 74
1898	 85
1899	 64
1900	 80
1901	 93
1902	 63
1903	 100
1904	 77
1905	 74
1906	 89
1907	 92
1908	 86
1909	 95
1910	 81
1911	 76
1912	 80
1913	 75
1914	 70
1915	 89
1916	 82
1917	 81
1918	 84
1919	 66
1920	 90
1921	 76
1922	 85
1923	 74
1924	 80
1925	 73
1926	 66
1927	 84
1928	 59
1929	 89
1930	 93
1931	 75
1932	 75
1933	 63
1934	 65
1935	 73
1936	 82
1937	 66
1938	 79
1939	 79
1940	 86
1941	 93
1942	 90
1943	 63
1944	 72
1945	 61
1946	 76
1947	 95
1948	 85
1949	 77
1950	 63
1951	 77
1952	 73
1953	 86
1954	 87
1955	 84
1956	 86
1957	 76
1958	 90
1959	 78
1960	 87
1961	 92
1962	 67
1963	 90
1964	 82
1965	 76
1966	 74
1967	 81
1968	 58
1969	 100
1970	 82
1971	 80
1972	 77
1973	 59
1974	 104
1975	 72
1976	 66
1977	 104
1978	 87
1979	 92
1980	 87
1981	 66
1982	 83
1983	 75
1984	 67
1985	 64
1986	 80
1987	 76
1988	 55
1989	 70
1990	 83
1991	 61
1992	 84
1993	 81
1994	 79
1995	 90
1996	 78
1997	 87
1998	 82
1999	 69
2000	 81
2001	 79
2002	 89
2003	 68
2004	 96
2005	 85
2006	 74
2007	 89
2008	 72
2009	 81
2010	 84
2011	 83
2012	 78
2013	 84
2014	 50
2015	 77
2016	 74
2017	 91
2018	 86
2019	 67
2020	 62
2021	 77
2022	 69
2023	 79
2024	 82
2025	 77
2026	 70
2027	 75
2028	 72
2029	 90
2030	 87
2031	 94
2032	 74
2033	 77
2034	 84
2035	 93
2036	 73
2037	 77
2038	 63
2039	 73
2040	 72
2041	 75
2042	 86
2043	 86
2044	 82
2045	 92
2046	 85
2047	 71
2048	 76
2049	 80
2050	 74
2051	 80
2052	 89
2053	 88
2054	 92
2055	 67
2056	 87
2057	 92
2058	 84
2059	 73
2060	 68
2061	 81
2062	 81
2063	 42
2064	 87
2065	 59
2066	 65
2067	 72
2068	 77
2069	 65
2070	 81
2071	 85
2072	 65
2073	 68
2074	 84
2075	 91
2076	 72
2077	 74
2078	 86
2079	 101
2080	 94
2081	 60
2082	 86
2083	 49
2084	 85
2085	 88
2086	 75
2087	 59
2088	 72
2089	 61
2090	 67
2091	 76
2092	 80
2093	 92
2094	 80
2095	 58
2096	 40
2097	 76
2098	 76
2099	 86
2100	 77
2101	 87
2102	 99
2103	 63
2104	 100
2105	 61
2106	 83
2107	 79
2108	 68
2109	 80
2110	 88
2111	 96
2112	 45
2113	 74
2114	 57
2115	 92
2116	 83
2117	 71
2118	 77
2119	 66
2120	 86
2121	 86
2122	 41
2123	 56
2124	 73
2125	 75
2126	 73
2127	 89
2128	 72
2129	 75
2130	 66
2131	 79
2132	 78
2133	 68
2134	 74
2135	 77
2136	 85
2137	 72
2138	 67
2139	 80
2140	 92
2141	 62
2142	 73
2143	 64
2144	 73
2145	 84
2146	 86
2147	 76
2148	 65
2149	 80
2150	 74
2151	 82
2152	 74
2153	 76
2154	 83
2155	 79
2156	 91
2157	 74
2158	 88
2159	 71
2160	 87
2161	 81
2162	 71
2163	 81
2164	 71
2165	 81
2166	 91
2167	 74
2168	 81
2169	 84
2170	 73
2171	 89
2172	 83
2173	 66
2174	 89
2175	 76
2176	 81
2177	 82
2178	 60
2179	 86
2180	 78
2181	 73
2182	 86
2183	 92
2184	 79
2185	 87
2186	 76
2187	 85
2188	 75
2189	 63
2190	 75
2191	 93
2192	 76
2193	 78
2194	 43
2195	 57
2196	 80
2197	 73
2198	 82
2199	 71
2200	 79
2201	 86
2202	 82
2203	 78
2204	 60
2205	 80
2206	 102
2207	 94
2208	 73
2209	 79
2210	 75
2211	 78
2212	 63
2213	 82
2214	 77
2215	 89
2216	 63
2217	 77
2218	 80
2219	 72
2220	 94
2221	 71
2222	 63
2223	 89
2224	 54
2225	 86
2226	 72
2227	 85
2228	 76
2229	 73
2230	 69
2231	 91
2232	 85
2233	 77
2234	 73
2235	 67
2236	 73
2237	 71
2238	 85
2239	 71
2240	 63
2241	 72
2242	 84
2243	 83
2244	 57
2245	 71
2246	 86
2247	 80
2248	 74
2249	 73
2250	 68
2251	 55
2252	 78
2253	 81
2254	 100
2255	 89
2256	 76
2257	 79
2258	 82
2259	 81
2260	 79
2261	 80
2262	 85
2263	 73
2264	 91
2265	 89
2266	 79
2267	 79
2268	 84
2269	 82
2270	 86
2271	 81
2272	 71
2273	 76
2274	 79
2275	 79
2276	 83
2277	 52
2278	 76
2279	 58
2280	 85
2281	 83
2282	 88
2283	 95
2284	 96
2285	 86
2286	 77
2287	 80
2288	 74
2289	 81
2290	 69
2291	 88
2292	 76
2293	 87
2294	 66
2295	 88
2296	 86
2297	 69
2298	 91
2299	 90
2300	 81
2301	 84
2302	 86
2303	 77
2304	 67
2305	 80
2306	 78
2307	 78
2308	 80
2309	 97
2310	 78
2311	 68
2312	 78
2313	 76
2314	 66
2315	 78
2316	 76
2317	 89
2318	 65
2319	 102
2320	 72
2321	 74
2322	 93
2323	 72
2324	 66
2325	 78
2326	 74
2327	 60
2328	 67
2329	 63
2330	 78
2331	 85
2332	 74
2333	 95
2334	 78
2335	 87
2336	 78
2337	 73
2338	 67
2339	 68
2340	 70
2341	 83
2342	 79
2343	 92
2344	 75
2345	 55
2346	 73
2347	 76
2348	 74
2349	 54
2350	 78
2351	 84
2352	 80
2353	 72
2354	 67
2355	 89
2356	 74
2357	 88
2358	 80
2359	 76
2360	 73
2361	 98
2362	 73
2363	 70
2364	 81
2365	 80
2366	 79
2367	 83
2368	 82
2369	 54
2370	 76
2371	 93
2372	 77
2373	 104
2374	 79
2375	 89
2376	 85
2377	 78
2378	 86
2379	 86
2380	 72
2381	 78
2382	 70
2383	 92
2384	 87
2385	 65
2386	 89
2387	 86
2388	 61
2389	 78
2390	 65
2391	 85
2392	 92
2393	 84
2394	 71
2395	 85
2396	 76
2397	 82
2398	 87
2399	 84
2400	 90
2401	 71
2402	 74
2403	 91
2404	 81
2405	 88
2406	 68
2407	 79
2408	 88
2409	 52
2410	 89
2411	 80
2412	 82
2413	 80
2414	 98
2415	 75
2416	 88
2417	 77
2418	 86
2419	 97
2420	 58
2421	 99
2422	 81
2423	 84
2424	 80
2425	 51
2426	 77
2427	 58
2428	 62
2429	 67
2430	 82
2431	 82
2432	 83
2433	 81
2434	 75
2435	 71
2436	 81
2437	 60
2438	 80
2439	 66
2440	 84
2441	 96
2442	 74
2443	 71
2444	 75
2445	 84
2446	 63
2447	 74
2448	 73
2449	 81
2450	 68
2451	 85
2452	 59
2453	 85
2454	 80
2455	 79
2456	 49
2457	 66
2458	 85
2459	 91
2460	 89
2461	 62
2462	 100
2463	 47
2464	 70
2465	 85
2466	 86
2467	 67
2468	 72
2469	 87
2470	 79
2471	 78
2472	 76
2473	 76
2474	 81
2475	 73
2476	 74
2477	 56
2478	 78
2479	 85
2480	 84
2481	 72
2482	 81
2483	 73
2484	 71
2485	 64
2486	 61
2487	 87
2488	 68
2489	 93
2490	 82
2491	 55
2492	 73
2493	 72
2494	 41
2495	 85
2496	 45
2497	 98
2498	 77
2499	 81
2500	 89
2501	 98
2502	 74
2503	 80
2504	 78
2505	 93
2506	 77
2507	 74
2508	 73
2509	 86
2510	 69
2511	 76
2512	 74
2513	 80
2514	 79
2515	 70
2516	 72
2517	 78
2518	 88
2519	 89
2520	 76
2521	 64
2522	 72
2523	 71
2524	 77
2525	 70
2526	 66
2527	 74
2528	 75
2529	 77
2530	 51
2531	 61
2532	 81
2533	 74
2534	 85
2535	 79
2536	 93
2537	 65
2538	 88
2539	 104
2540	 91
2541	 82
2542	 86
2543	 73
2544	 85
2545	 79
2546	 85
2547	 71
2548	 74
2549	 76
2550	 66
2551	 63
2552	 95
2553	 66
2554	 80
2555	 66
2556	 60
2557	 79
2558	 70
2559	 83
2560	 88
2561	 89
2562	 62
2563	 86
2564	 81
2565	 73
2566	 75
2567	 73
2568	 87
2569	 79
2570	 83
2571	 80
2572	 72
2573	 77
2574	 74
2575	 81
2576	 76
2577	 81
2578	 89
2579	 82
2580	 44
2581	 78
2582	 91
2583	 88
2584	 87
2585	 73
2586	 90
2587	 65
2588	 56
2589	 51
2590	 85
2591	 71
2592	 70
2593	 92
2594	 84
2595	 87
2596	 87
2597	 70
2598	 76
2599	 81
2600	 78
2601	 78
2602	 62
2603	 85
2604	 78
2605	 78
2606	 101
2607	 77
2608	 74
2609	 78
2610	 89
2611	 80
2612	 86
2613	 95
2614	 84
2615	 76
2616	 82
2617	 84
2618	 75
2619	 73
2620	 90
2621	 82
2622	 94
2623	 72
2624	 65
2625	 86
2626	 78
2627	 76
2628	 82
2629	 77
2630	 84
2631	 76
2632	 71
2633	 81
2634	 83
2635	 65
2636	 78
2637	 70
2638	 87
2639	 88
2640	 96
2641	 63
2642	 89
2643	 78
2644	 81
2645	 82
2646	 76
2647	 69
2648	 61
2649	 97
2650	 75
2651	 82
2652	 94
2653	 67
2654	 35
2655	 76
2656	 92
2657	 110
2658	 77
2659	 95
2660	 98
2661	 88
2662	 89
2663	 73
2664	 88
2665	 86
2666	 79
2667	 75
2668	 78
2669	 67
2670	 59
2671	 81
2672	 88
2673	 79
2674	 80
2675	 71
2676	 78
2677	 81
2678	 82
2679	 66
2680	 63
2681	 74
2682	 77
2683	 84
2684	 67
2685	 62
2686	 88
2687	 82
2688	 85
2689	 74
2690	 68
2691	 70
2692	 69
2693	 82
2694	 76
2695	 55
2696	 83
2697	 84
2698	 83
2699	 79
2700	 81
2701	 76
2702	 94
2703	 79
2704	 74
2705	 86
2706	 73
2707	 85
2708	 74
2709	 70
2710	 90
2711	 75
2712	 84
2713	 84
2714	 66
2715	 66
2716	 75
2717	 73
2718	 77
2719	 70
2720	 88
2721	 63
2722	 72
2723	 82
2724	 76
2725	 94
2726	 82
2727	 77
2728	 90
2729	 83
2730	 65
2731	 78
2732	 81
2733	 71
2734	 91
2735	 45
2736	 64
2737	 90
2738	 64
2739	 93
2740	 68
2741	 75
2742	 56
2743	 99
2744	 88
2745	 87
2746	 75
2747	 54
2748	 83
2749	 96
2750	 62
2751	 88
2752	 83
2753	 79
2754	 74
2755	 86
2756	 88
2757	 70
2758	 78
2759	 81
2760	 74
2761	 72
2762	 74
2763	 84
2764	 79
2765	 83
2766	 69
2767	 72
2768	 80
2769	 93
2770	 71
2771	 67
2772	 88
2773	 78
2774	 80
2775	 72
2776	 95
2777	 76
2778	 79
2779	 68
2780	 71
2781	 74
2782	 76
2783	 106
2784	 78
2785	 52
2786	 84
2787	 67
2788	 71
2789	 74
2790	 75
2791	 78
2792	 85
2793	 82
2794	 60
2795	 92
2796	 79
2797	 96
2798	 91
2799	 68
2800	 70
2801	 74
2802	 81
2803	 112
2804	 59
2805	 78
2806	 92
2807	 70
2808	 91
2809	 79
2810	 73
2811	 73
2812	 60
2813	 90
2814	 72
2815	 96
2816	 75
2817	 78
2818	 88
2819	 84
2820	 66
2821	 64
2822	 74
2823	 65
2824	 87
2825	 94
2826	 75
2827	 79
2828	 97
2829	 85
2830	 87
2831	 86
2832	 66
2833	 92
2834	 82
2835	 76
2836	 89
2837	 82
2838	 78
2839	 76
2840	 67
2841	 98
2842	 66
2843	 71
2844	 86
2845	 84
2846	 77
2847	 69
2848	 93
2849	 83
2850	 104
2851	 86
2852	 64
2853	 75
2854	 86
2855	 85
2856	 73
2857	 86
2858	 65
2859	 85
2860	 74
2861	 74
2862	 86
2863	 67
2864	 76
2865	 85
2866	 67
2867	 76
2868	 80
2869	 92
2870	 63
2871	 84
2872	 77
2873	 88
2874	 71
2875	 92
2876	 88
2877	 58
2878	 67
2879	 82
2880	 76
2881	 86
2882	 80
2883	 79
2884	 85
2885	 75
2886	 64
2887	 80
2888	 97
2889	 49
2890	 86
2891	 76
2892	 88
2893	 82
2894	 83
2895	 55
2896	 86
2897	 82
2898	 89
2899	 65
2900	 98
2901	 84
2902	 82
2903	 79
2904	 81
2905	 71
2906	 67
2907	 74
2908	 82
2909	 81
2910	 81
2911	 68
2912	 80
2913	 69
2914	 86
2915	 78
2916	 64
2917	 76
2918	 82
2919	 83
2920	 87
2921	 70
2922	 94
2923	 86
2924	 71
2925	 99
2926	 93
2927	 92
2928	 90
2929	 85
2930	 65
2931	 83
2932	 77
2933	 86
2934	 65
2935	 77
2936	 79
2937	 86
2938	 81
2939	 84
2940	 83
2941	 78
2942	 88
2943	 69
2944	 85
2945	 71
2946	 78
2947	 82
2948	 71
2949	 65
2950	 75
2951	 65
2952	 65
2953	 77
2954	 76
2955	 75
2956	 77
2957	 67
2958	 72
2959	 77
2960	 70
2961	 83
2962	 76
2963	 38
2964	 78
2965	 82
2966	 93
2967	 72
2968	 97
2969	 60
2970	 79
2971	 94
2972	 76
2973	 83
2974	 85
2975	 101
2976	 73
2977	 81
2978	 78
2979	 92
2980	 75
2981	 49
2982	 76
2983	 80
2984	 83
2985	 81
2986	 67
2987	 77
2988	 99
2989	 68
2990	 78
2991	 81
2992	 93
2993	 57
2994	 68
2995	 70
2996	 77
2997	 86
2998	 84
2999	 82
3000	 91
3001	 97
3002	 88
3003	 81
3004	 67
3005	 86
3006	 76
3007	 96
3008	 88
3009	 85
3010	 83
3011	 73
3012	 79
3013	 87
3014	 75
3015	 79
3016	 62
3017	 41
3018	 65
3019	 90
3020	 95
3021	 83
3022	 71
3023	 88
3024	 74
3025	 74
3026	 78
3027	 78
3028	 85
3029	 61
3030	 89
3031	 81
3032	 84
3033	 85
3034	 99
3035	 93
3036	 84
3037	 69
3038	 92
3039	 77
3040	 84
3041	 77
3042	 86
3043	 59
3044	 85
3045	 93
3046	 66
3047	 66
3048	 84
3049	 79
3050	 64
3051	 84
3052	 84
3053	 73
3054	 84
3055	 64
3056	 83
3057	 82
3058	 88
3059	 72
3060	 69
3061	 73
3062	 82
3063	 65
3064	 73
3065	 70
3066	 76
3067	 83
3068	 80
3069	 80
3070	 82
3071	 80
3072	 82
3073	 78
3074	 79
3075	 82
3076	 78
3077	 79
3078	 75
3079	 91
3080	 91
3081	 74
3082	 79
3083	 96
3084	 76
3085	 69
3086	 71
3087	 100
3088	 98
3089	 69
3090	 70
3091	 103
3092	 68
3093	 70
3094	 84
3095	 77
3096	 78
3097	 74
3098	 82
3099	 63
3100	 85
3101	 89
3102	 85
3103	 91
3104	 85
3105	 84
3106	 81
3107	 69
3108	 68
3109	 73
3110	 84
3111	 75
3112	 52
3113	 81
3114	 82
3115	 83
3116	 74
3117	 85
3118	 74
3119	 76
3120	 80
3121	 74
3122	 67
3123	 98
3124	 79
3125	 102
3126	 71
3127	 76
3128	 91
3129	 78
3130	 72
3131	 70
3132	 83
3133	 94
3134	 38
3135	 78
3136	 86
3137	 88
3138	 60
3139	 80
3140	 90
3141	 71
3142	 78
3143	 70
3144	 77
3145	 60
3146	 75
3147	 64
3148	 41
3149	 90
3150	 75
3151	 72
3152	 73
3153	 79
3154	 82
3155	 54
3156	 84
3157	 80
3158	 48
3159	 89
3160	 61
3161	 70
3162	 95
3163	 75
3164	 67
3165	 88
3166	 65
3167	 76
3168	 85
3169	 80
3170	 75
3171	 82
3172	 91
3173	 86
3174	 80
3175	 83
3176	 93
3177	 55
3178	 90
3179	 88
3180	 77
3181	 77
3182	 81
3183	 84
3184	 91
3185	 93
3186	 93
3187	 69
3188	 69
3189	 89
3190	 76
3191	 59
3192	 100
3193	 78
3194	 82
3195	 89
3196	 62
3197	 72
3198	 97
3199	 82
3200	 72
3201	 64
3202	 83
3203	 76
3204	 98
3205	 79
3206	 67
3207	 75
3208	 80
3209	 82
3210	 70
3211	 76
3212	 71
3213	 80
3214	 62
3215	 80
3216	 81
3217	 103
3218	 88
3219	 76
3220	 96
3221	 98
3222	 71
3223	 89
3224	 82
3225	 89
3226	 82
3227	 88
3228	 70
3229	 86
3230	 75
3231	 79
3232	 69
3233	 75
3234	 67
3235	 82
3236	 87
3237	 68
3238	 77
3239	 78
3240	 73
3241	 70
3242	 74
3243	 106
3244	 80
3245	 74
3246	 92
3247	 70
3248	 85
3249	 79
3250	 78
3251	 100
3252	 86
3253	 90
3254	 81
3255	 82
3256	 62
3257	 71
3258	 73
3259	 84
3260	 75
3261	 76
3262	 86
3263	 104
3264	 94
3265	 86
3266	 71
3267	 70
3268	 85
3269	 76
3270	 83
3271	 92
3272	 105
3273	 77
3274	 70
3275	 75
3276	 70
3277	 82
3278	 75
3279	 73
3280	 75
3281	 61
3282	 80
3283	 59
3284	 95
3285	 89
3286	 86
3287	 85
3288	 54
3289	 82
3290	 91
3291	 85
3292	 82
3293	 76
3294	 75
3295	 74
3296	 70
3297	 70
3298	 73
3299	 78
3300	 84
3301	 90
3302	 84
3303	 72
3304	 86
3305	 84
3306	 70
3307	 73
3308	 96
3309	 80
3310	 72
3311	 73
3312	 68
3313	 82
3314	 65
3315	 88
3316	 82
3317	 71
3318	 88
3319	 92
3320	 81
3321	 92
3322	 81
3323	 81
3324	 70
3325	 82
3326	 82
3327	 73
3328	 71
3329	 93
3330	 82
3331	 68
3332	 89
3333	 93
3334	 84
3335	 68
3336	 75
3337	 85
3338	 90
3339	 44
3340	 92
3341	 72
3342	 74
3343	 85
3344	 77
3345	 84
3346	 72
3347	 73
3348	 84
3349	 76
3350	 73
3351	 87
3352	 82
3353	 73
3354	 64
3355	 100
3356	 83
3357	 72
3358	 90
3359	 74
3360	 67
3361	 80
3362	 73
3363	 57
3364	 84
3365	 84
3366	 70
3367	 77
3368	 84
3369	 79
3370	 88
3371	 73
3372	 69
3373	 66
3374	 86
3375	 80
3376	 86
3377	 70
3378	 61
3379	 53
3380	 71
3381	 96
3382	 91
3383	 71
3384	 53
3385	 83
3386	 81
3387	 60
3388	 79
3389	 75
3390	 89
3391	 79
3392	 86
3393	 92
3394	 85
3395	 73
3396	 53
3397	 84
3398	 64
3399	 96
3400	 81
3401	 73
3402	 59
3403	 30
3404	 91
3405	 82
3406	 87
3407	 76
3408	 58
3409	 87
3410	 71
3411	 85
3412	 73
3413	 76
3414	 73
3415	 47
3416	 85
3417	 64
3418	 78
3419	 96
3420	 86
3421	 83
3422	 80
3423	 89
3424	 74
3425	 61
3426	 75
3427	 81
3428	 80
3429	 92
3430	 81
3431	 62
3432	 82
3433	 64
3434	 80
3435	 85
3436	 88
3437	 87
3438	 75
3439	 73
3440	 78
3441	 67
3442	 65
3443	 66
3444	 89
3445	 73
3446	 74
3447	 73
3448	 74
3449	 97
3450	 75
3451	 69
3452	 84
3453	 81
3454	 88
3455	 81
3456	 78
3457	 70
3458	 91
3459	 72
3460	 80
3461	 82
3462	 66
3463	 74
3464	 83
3465	 69
3466	 51
3467	 87
3468	 72
3469	 81
3470	 58
3471	 76
3472	 83
3473	 93
3474	 65
3475	 58
3476	 70
3477	 84
3478	 69
3479	 100
3480	 73
3481	 69
3482	 95
3483	 83
3484	 82
3485	 75
3486	 82
3487	 83
3488	 74
3489	 82
3490	 89
3491	 78
3492	 76
3493	 51
3494	 65
3495	 77
3496	 87
3497	 81
3498	 79
3499	 89
3500	 81
3501	 84
3502	 82
3503	 76
3504	 68
3505	 90
3506	 91
3507	 74
3508	 88
3509	 49
3510	 47
3511	 75
3512	 81
3513	 78
3514	 91
3515	 67
3516	 87
3517	 62
3518	 99
3519	 87
3520	 62
3521	 96
3522	 80
3523	 88
3524	 96
3525	 70
3526	 87
3527	 82
3528	 70
3529	 63
3530	 87
3531	 77
3532	 78
3533	 84
3534	 66
3535	 82
3536	 78
3537	 87
3538	 86
3539	 68
3540	 90
3541	 80
3542	 77
3543	 83
3544	 92
3545	 90
3546	 83
3547	 89
3548	 78
3549	 95
3550	 98
3551	 59
3552	 74
3553	 86
3554	 79
3555	 72
3556	 83
3557	 74
3558	 65
3559	 76
3560	 72
3561	 73
3562	 73
3563	 94
3564	 78
3565	 76
3566	 73
3567	 78
3568	 79
3569	 61
3570	 78
3571	 70
3572	 89
3573	 76
3574	 65
3575	 60
3576	 82
3577	 87
3578	 75
3579	 79
3580	 90
3581	 81
3582	 68
3583	 75
3584	 88
3585	 106
3586	 74
3587	 82
3588	 81
3589	 74
3590	 76
3591	 82
3592	 78
3593	 76
3594	 83
3595	 94
3596	 70
3597	 97
3598	 74
3599	 84
3600	 87
3601	 85
3602	 76
3603	 71
3604	 70
3605	 52
3606	 79
3607	 82
3608	 88
3609	 80
3610	 61
3611	 85
3612	 74
3613	 84
3614	 98
3615	 84
3616	 60
3617	 88
3618	 87
3619	 77
3620	 87
3621	 73
3622	 84
3623	 102
3624	 76
3625	 73
3626	 68
3627	 96
3628	 81
3629	 68
3630	 82
3631	 76
3632	 62
3633	 80
3634	 75
3635	 89
3636	 75
3637	 47
3638	 63
3639	 92
3640	 86
3641	 81
3642	 78
3643	 73
3644	 46
3645	 85
3646	 77
3647	 91
3648	 81
3649	 70
3650	 72
3651	 87
3652	 75
3653	 67
3654	 90
3655	 86
3656	 83
3657	 80
3658	 71
3659	 81
3660	 86
3661	 90
3662	 87
3663	 86
3664	 91
3665	 75
3666	 68
3667	 81
3668	 77
3669	 94
3670	 82
3671	 75
3672	 82
3673	 75
3674	 72
3675	 84
3676	 90
3677	 71
3678	 69
3679	 73
3680	 49
3681	 97
3682	 84
3683	 65
3684	 80
3685	 76
3686	 86
3687	 79
3688	 81
3689	 76
3690	 84
3691	 80
3692	 77
3693	 76
3694	 64
3695	 81
3696	 63
3697	 72
3698	 77
3699	 99
3700	 100
3701	 76
3702	 84
3703	 88
3704	 68
3705	 78
3706	 72
3707	 68
3708	 93
3709	 72
3710	 92
3711	 69
3712	 76
3713	 83
3714	 88
3715	 64
3716	 70
3717	 104
3718	 75
3719	 62
3720	 97
3721	 48
3722	 73
3723	 73
3724	 64
3725	 80
3726	 90
3727	 76
3728	 89
3729	 60
3730	 70
3731	 91
3732	 87
3733	 75
3734	 75
3735	 62
3736	 62
3737	 73
3738	 83
3739	 82
3740	 58
3741	 76
3742	 92
3743	 87
3744	 88
3745	 85
3746	 72
3747	 80
3748	 90
3749	 80
3750	 85
3751	 89
3752	 84
3753	 82
3754	 84
3755	 73
3756	 86
3757	 62
3758	 80
3759	 53
3760	 31
3761	 78
3762	 79
3763	 80
3764	 81
3765	 68
3766	 98
3767	 87
3768	 73
3769	 85
3770	 95
3771	 76
3772	 71
3773	 69
3774	 73
3775	 73
3776	 89
3777	 63
3778	 82
3779	 71
3780	 78
3781	 79
3782	 64
3783	 76
3784	 68
3785	 72
3786	 81
3787	 67
3788	 68
3789	 96
3790	 75
3791	 88
3792	 77
3793	 74
3794	 93
3795	 92
3796	 74
3797	 76
3798	 66
3799	 77
3800	 65
3801	 92
3802	 78
3803	 68
3804	 96
3805	 57
3806	 63
3807	 79
3808	 85
3809	 80
3810	 67
3811	 58
3812	 80
3813	 73
3814	 82
3815	 86
3816	 83
3817	 84
3818	 71
3819	 76
3820	 61
3821	 63
3822	 81
3823	 82
3824	 99
3825	 36
3826	 63
3827	 49
3828	 72
3829	 86
3830	 94
3831	 89
3832	 71
3833	 90
3834	 83
3835	 91
3836	 61
3837	 76
3838	 75
3839	 72
3840	 74
3841	 88
3842	 69
3843	 75
3844	 89
3845	 92
3846	 91
3847	 86
3848	 70
3849	 74
3850	 101
3851	 85
3852	 89
3853	 83
3854	 94
3855	 76
3856	 64
3857	 80
3858	 83
3859	 83
3860	 78
3861	 88
3862	 73
3863	 81
3864	 75
3865	 82
3866	 77
3867	 71
3868	 79
3869	 56
3870	 86
3871	 83
3872	 78
3873	 68
3874	 81
3875	 70
3876	 90
3877	 94
3878	 75
3879	 79
3880	 77
3881	 76
3882	 73
3883	 62
3884	 68
3885	 92
3886	 85
3887	 90
3888	 85
3889	 76
3890	 93
3891	 51
3892	 74
3893	 79
3894	 36
3895	 76
3896	 65
3897	 68
3898	 69
3899	 53
3900	 84
3901	 41
3902	 71
3903	 79
3904	 78
3905	 75
3906	 76
3907	 74
3908	 75
3909	 84
3910	 72
3911	 94
3912	 73
3913	 65
3914	 81
3915	 100
3916	 62
3917	 89
3918	 96
3919	 88
3920	 93
3921	 64
3922	 55
3923	 92
3924	 85
3925	 73
3926	 84
3927	 72
3928	 80
3929	 73
3930	 77
3931	 74
3932	 35
3933	 71
3934	 79
3935	 70
3936	 75
3937	 71
3938	 79
3939	 96
3940	 90
3941	 60
3942	 69
3943	 74
3944	 91
3945	 71
3946	 88
3947	 72
3948	 84
3949	 65
3950	 39
3951	 82
3952	 79
3953	 79
3954	 65
3955	 73
3956	 80
3957	 75
3958	 81
3959	 74
3960	 67
3961	 84
3962	 78
3963	 85
3964	 64
3965	 76
3966	 67
3967	 101
3968	 74
3969	 70
3970	 87
3971	 65
3972	 84
3973	 85
3974	 77
3975	 68
3976	 86
3977	 88
3978	 85
3979	 88
3980	 73
3981	 71
3982	 82
3983	 75
3984	 73
3985	 66
3986	 66
3987	 68
3988	 73
3989	 76
3990	 81
3991	 78
3992	 43
3993	 94
3994	 77
3995	 68
3996	 79
3997	 77
3998	 79
3999	 80
4000	 78
4001	 89
4002	 71
4003	 84
4004	 95
4005	 63
4006	 89
4007	 68
4008	 97
4009	 82
4010	 86
4011	 71
4012	 77
4013	 82
4014	 67
4015	 87
4016	 88
4017	 79
4018	 47
4019	 69
4020	 94
4021	 76
4022	 82
4023	 80
4024	 78
4025	 91
4026	 89
4027	 85
4028	 86
4029	 79
4030	 88
4031	 79
4032	 65
4033	 94
4034	 95
4035	 66
4036	 70
4037	 86
4038	 68
4039	 44
4040	 92
4041	 78
4042	 95
4043	 40
4044	 67
4045	 70
4046	 86
4047	 80
4048	 74
4049	 80
4050	 83
4051	 68
4052	 84
4053	 90
4054	 70
4055	 87
4056	 87
4057	 74
4058	 86
4059	 78
4060	 74
4061	 86
4062	 88
4063	 72
4064	 83
4065	 66
4066	 66
4067	 72
4068	 87
4069	 72
4070	 85
4071	 65
4072	 92
4073	 78
4074	 82
4075	 79
4076	 66
4077	 72
4078	 68
4079	 72
4080	 45
4081	 49
4082	 66
4083	 92
4084	 73
4085	 87
4086	 87
4087	 76
4088	 64
4089	 82
4090	 73
4091	 84
4092	 72
4093	 89
4094	 77
4095	 81
4096	 53
4097	 62
4098	 85
4099	 82
4100	 89
4101	 83
4102	 76
4103	 74
4104	 74
4105	 86
4106	 97
4107	 77
4108	 82
4109	 78
4110	 78
4111	 71
4112	 70
4113	 96
4114	 92
4115	 66
4116	 87
4117	 73
4118	 72
4119	 93
4120	 91
4121	 83
4122	 85
4123	 87
4124	 69
4125	 65
4126	 82
4127	 89
4128	 85
4129	 75
4130	 44
4131	 77
4132	 71
4133	 92
4134	 89
4135	 73
4136	 75
4137	 66
4138	 81
4139	 60
4140	 66
4141	 97
4142	 78
4143	 84
4144	 91
4145	 64
4146	 70
4147	 86
4148	 76
4149	 77
4150	 69
4151	 87
4152	 79
4153	 51
4154	 80
4155	 81
4156	 66
4157	 72
4158	 71
4159	 72
4160	 71
4161	 87
4162	 77
4163	 63
4164	 68
4165	 86
4166	 71
4167	 64
4168	 73
4169	 85
4170	 77
4171	 79
4172	 81
4173	 86
4174	 85
4175	 53
4176	 86
4177	 59
4178	 62
4179	 79
4180	 88
4181	 79
4182	 76
4183	 81
4184	 68
4185	 67
4186	 79
4187	 76
4188	 84
4189	 84
4190	 60
4191	 50
4192	 94
4193	 36
4194	 80
4195	 82
4196	 83
4197	 43
4198	 70
4199	 81
4200	 73
4201	 74
4202	 73
4203	 51
4204	 80
4205	 85
4206	 84
4207	 96
4208	 86
4209	 74
4210	 73
4211	 86
4212	 45
4213	 72
4214	 76
4215	 84
4216	 89
4217	 76
4218	 88
4219	 72
4220	 68
4221	 75
4222	 72
4223	 80
4224	 79
4225	 84
4226	 65
4227	 55
4228	 86
4229	 83
4230	 73
4231	 78
4232	 90
4233	 82
4234	 82
4235	 82
4236	 72
4237	 89
4238	 71
4239	 75
4240	 81
4241	 72
4242	 69
4243	 102
4244	 62
4245	 86
4246	 83
4247	 66
4248	 86
4249	 75
4250	 82
4251	 68
4252	 72
4253	 83
4254	 86
4255	 79
4256	 82
4257	 73
4258	 77
4259	 70
4260	 78
4261	 91
4262	 88
4263	 65
4264	 92
4265	 92
4266	 83
4267	 73
4268	 72
4269	 77
4270	 93
4271	 74
4272	 62
4273	 77
4274	 88
4275	 75
4276	 90
4277	 88
4278	 94
4279	 80
4280	 87
4281	 76
4282	 82
4283	 71
4284	 70
4285	 95
4286	 33
4287	 66
4288	 86
4289	 76
4290	 78
4291	 66
4292	 75
4293	 64
4294	 96
4295	 85
4296	 90
4297	 76
4298	 81
4299	 83
4300	 77
4301	 73
4302	 93
4303	 92
4304	 75
4305	 73
4306	 81
4307	 77
4308	 73
4309	 82
4310	 80
4311	 92
4312	 71
4313	 75
4314	 80
4315	 72
4316	 71
4317	 84
4318	 88
4319	 69
4320	 80
4321	 42
4322	 78
4323	 74
4324	 73
4325	 73
4326	 96
4327	 75
4328	 97
4329	 78
4330	 90
4331	 96
4332	 86
4333	 101
4334	 71
4335	 87
4336	 85
4337	 68
4338	 89
4339	 65
4340	 80
4341	 74
4342	 86
4343	 76
4344	 85
4345	 90
4346	 86
4347	 75
4348	 65
4349	 90
4350	 89
4351	 76
4352	 76
4353	 64
4354	 83
4355	 74
4356	 65
4357	 96
4358	 84
4359	 87
4360	 73
4361	 74
4362	 70
4363	 79
4364	 72
4365	 71
4366	 73
4367	 78
4368	 78
4369	 113
4370	 85
4371	 72
4372	 71
4373	 71
4374	 85
4375	 84
4376	 82
4377	 86
4378	 59
4379	 77
4380	 83
4381	 78
4382	 74
4383	 70
4384	 77
4385	 78
4386	 88
4387	 66
4388	 89
4389	 76
4390	 67
4391	 73
4392	 81
4393	 77
4394	 90
4395	 80
4396	 73
4397	 80
4398	 86
4399	 109
4400	 82
4401	 70
4402	 72
4403	 87
4404	 72
4405	 78
4406	 98
4407	 92
4408	 72
4409	 82
4410	 65
4411	 84
4412	 68
4413	 82
4414	 90
4415	 67
4416	 91
4417	 91
4418	 75
4419	 77
4420	 83
4421	 82
4422	 79
4423	 78
4424	 87
4425	 63
4426	 73
4427	 72
4428	 65
4429	 79
4430	 87
4431	 79
4432	 74
4433	 72
4434	 89
4435	 95
4436	 80
4437	 70
4438	 82
4439	 44
4440	 97
4441	 73
4442	 83
4443	 90
4444	 67
4445	 85
4446	 74
4447	 76
4448	 75
4449	 91
4450	 86
4451	 75
4452	 79
4453	 74
4454	 64
4455	 62
4456	 87
4457	 75
4458	 84
4459	 84
4460	 76
4461	 81
4462	 74
4463	 85
4464	 81
4465	 93
4466	 61
4467	 95
4468	 78
4469	 87
4470	 83
4471	 65
4472	 88
4473	 86
4474	 69
4475	 72
4476	 81
4477	 48
4478	 87
4479	 80
4480	 80
4481	 70
4482	 75
4483	 80
4484	 80
4485	 61
4486	 65
4487	 89
4488	 88
4489	 90
4490	 83
4491	 80
4492	 79
4493	 82
4494	 84
4495	 90
4496	 94
4497	 79
4498	 74
4499	 95
4500	 69
4501	 76
4502	 80
4503	 60
4504	 67
4505	 93
4506	 71
4507	 78
4508	 74
4509	 74
4510	 90
4511	 62
4512	 105
4513	 91
4514	 71
4515	 91
4516	 84
4517	 81
4518	 63
4519	 86
4520	 72
4521	 99
4522	 85
4523	 78
4524	 43
4525	 84
4526	 66
4527	 66
4528	 70
4529	 85
4530	 75
4531	 79
4532	 86
4533	 85
4534	 69
4535	 66
4536	 66
4537	 77
4538	 81
4539	 91
4540	 64
4541	 87
4542	 75
4543	 69
4544	 69
4545	 71
4546	 81
4547	 83
4548	 67
4549	 75
4550	 91
4551	 67
4552	 79
4553	 65
4554	 80
4555	 52
4556	 64
4557	 92
4558	 91
4559	 75
4560	 56
4561	 91
4562	 76
4563	 81
4564	 68
4565	 95
4566	 72
4567	 72
4568	 92
4569	 79
4570	 76
4571	 84
4572	 73
4573	 78
4574	 75
4575	 75
4576	 70
4577	 89
4578	 85
4579	 76
4580	 86
4581	 74
4582	 101
4583	 73
4584	 99
4585	 63
4586	 65
4587	 93
4588	 86
4589	 83
4590	 87
4591	 87
4592	 87
4593	 70
4594	 94
4595	 79
4596	 72
4597	 72
4598	 73
4599	 97
4600	 77
4601	 70
4602	 82
4603	 44
4604	 85
4605	 91
4606	 86
4607	 67
4608	 65
4609	 86
4610	 82
4611	 92
4612	 86
4613	 96
4614	 74
4615	 66
4616	 95
4617	 88
4618	 82
4619	 82
4620	 68
4621	 75
4622	 70
4623	 75
4624	 59
4625	 81
4626	 90
4627	 77
4628	 72
4629	 96
4630	 69
4631	 74
4632	 76
4633	 66
4634	 80
4635	 111
4636	 79
4637	 64
4638	 89
4639	 91
4640	 83
4641	 99
4642	 68
4643	 77
4644	 79
4645	 83
4646	 76
4647	 63
4648	 71
4649	 70
4650	 67
4651	 83
4652	 86
4653	 67
4654	 88
4655	 94
4656	 95
4657	 73
4658	 66
4659	 79
4660	 89
4661	 76
4662	 87
4663	 79
4664	 83
4665	 77
4666	 77
4667	 70
4668	 71
4669	 72
4670	 88
4671	 87
4672	 82
4673	 77
4674	 71
4675	 75
4676	 79
4677	 78
4678	 95
4679	 81
4680	 89
4681	 61
4682	 88
4683	 83
4684	 81
4685	 75
4686	 103
4687	 96
4688	 103
4689	 81
4690	 89
4691	 80
4692	 79
4693	 86
4694	 73
4695	 92
4696	 77
4697	 74
4698	 73
4699	 81
4700	 90
4701	 74
4702	 79
4703	 71
4704	 88
4705	 69
4706	 76
4707	 80
4708	 60
4709	 81
4710	 68
4711	 63
4712	 79
4713	 77
4714	 80
4715	 87
4716	 79
4717	 35
4718	 73
4719	 75
4720	 75
4721	 81
4722	 78
4723	 82
4724	 79
4725	 74
4726	 81
4727	 88
4728	 77
4729	 84
4730	 69
4731	 86
4732	 68
4733	 72
4734	 66
4735	 83
4736	 80
4737	 74
4738	 71
4739	 79
4740	 105
4741	 67
4742	 90
4743	 77
4744	 67
4745	 82
4746	 67
4747	 73
4748	 78
4749	 68
4750	 63
4751	 78
4752	 39
4753	 64
4754	 66
4755	 81
4756	 76
4757	 68
4758	 74
4759	 82
4760	 64
4761	 78
4762	 69
4763	 85
4764	 78
4765	 72
4766	 80
4767	 68
4768	 83
4769	 64
4770	 79
4771	 74
4772	 79
4773	 81
4774	 79
4775	 67
4776	 70
4777	 81
4778	 87
4779	 84
4780	 85
4781	 75
4782	 57
4783	 90
4784	 77
4785	 80
4786	 86
4787	 66
4788	 83
4789	 74
4790	 74
4791	 79
4792	 77
4793	 80
4794	 68
4795	 69
4796	 47
4797	 69
4798	 74
4799	 86
4800	 78
4801	 71
4802	 86
4803	 84
4804	 91
4805	 91
4806	 80
4807	 75
4808	 68
4809	 80
4810	 79
4811	 76
4812	 81
4813	 71
4814	 95
4815	 84
4816	 86
4817	 81
4818	 64
4819	 82
4820	 83
4821	 81
4822	 81
4823	 72
4824	 80
4825	 77
4826	 76
4827	 78
4828	 91
4829	 90
4830	 63
4831	 94
4832	 93
4833	 77
4834	 89
4835	 85
4836	 83
4837	 91
4838	 74
4839	 69
4840	 89
4841	 63
4842	 74
4843	 43
4844	 87
4845	 75
4846	 70
4847	 72
4848	 83
4849	 90
4850	 78
4851	 71
4852	 81
4853	 78
4854	 78
4855	 74
4856	 68
4857	 71
4858	 67
4859	 83
4860	 51
4861	 86
4862	 51
4863	 79
4864	 86
4865	 80
4866	 76
4867	 83
4868	 86
4869	 55
4870	 82
4871	 80
4872	 84
4873	 96
4874	 80
4875	 76
4876	 84
4877	 83
4878	 84
4879	 75
4880	 94
4881	 68
4882	 95
4883	 89
4884	 83
4885	 67
4886	 67
4887	 87
4888	 57
4889	 83
4890	 68
4891	 87
4892	 71
4893	 87
4894	 81
4895	 77
4896	 83
4897	 80
4898	 85
4899	 73
4900	 73
4901	 50
4902	 82
4903	 74
4904	 63
4905	 81
4906	 81
4907	 80
4908	 85
4909	 82
4910	 81
4911	 68
4912	 83
4913	 99
4914	 64
4915	 72
4916	 47
4917	 81
4918	 66
4919	 84
4920	 81
4921	 82
4922	 96
4923	 86
4924	 78
4925	 72
4926	 86
4927	 83
4928	 87
4929	 64
4930	 75
4931	 84
4932	 81
4933	 79
4934	 77
4935	 77
4936	 76
4937	 80
4938	 81
4939	 64
4940	 68
4941	 73
4942	 92
4943	 91
4944	 79
4945	 89
4946	 68
4947	 83
4948	 63
4949	 89
4950	 88
4951	 87
4952	 75
4953	 70
4954	 78
4955	 82
4956	 89
4957	 89
4958	 80
4959	 80
4960	 89
4961	 100
4962	 87
4963	 69
4964	 84
4965	 75
4966	 90
4967	 69
4968	 70
4969	 79
4970	 57
4971	 81
4972	 74
4973	 84
4974	 99
4975	 73
4976	 90
4977	 93
4978	 79
4979	 78
4980	 72
4981	 90
4982	 77
4983	 69
4984	 77
4985	 71
4986	 91
4987	 94
4988	 82
4989	 83
4990	 83
4991	 94
4992	 74
4993	 79
4994	 81
4995	 81
4996	 76
4997	 86
4998	 86
4999	 82
5000	 73
5001	 85
5002	 93
5003	 73
5004	 96
5005	 74
5006	 86
5007	 57
5008	 78
5009	 76
5010	 75
5011	 83
5012	 76
5013	 72
5014	 83
5015	 75
5016	 93
5017	 87
5018	 67
5019	 73
5020	 70
5021	 68
5022	 69
5023	 74
5024	 81
5025	 69
5026	 83
5027	 107
5028	 79
5029	 88
5030	 85
5031	 95
5032	 76
5033	 91
5034	 85
5035	 88
5036	 58
5037	 98
5038	 42
5039	 53
5040	 94
5041	 83
5042	 98
5043	 96
5044	 81
5045	 61
5046	 73
5047	 92
5048	 94
5049	 76
5050	 77
5051	 68
5052	 87
5053	 68
5054	 76
5055	 87
5056	 73
5057	 90
5058	 83
5059	 70
5060	 81
5061	 98
5062	 115
5063	 64
5064	 71
5065	 77
5066	 85
5067	 87
5068	 73
5069	 53
5070	 80
5071	 87
5072	 82
5073	 75
5074	 73
5075	 65
5076	 95
5077	 71
5078	 66
5079	 70
5080	 84
5081	 86
5082	 68
5083	 73
5084	 74
5085	 74
5086	 22
5087	 71
5088	 75
5089	 52
5090	 75
5091	 79
5092	 68
5093	 85
5094	 76
5095	 83
5096	 78
5097	 67
5098	 87
5099	 68
5100	 73
5101	 73
5102	 88
5103	 82
5104	 72
5105	 81
5106	 66
5107	 68
5108	 73
5109	 95
5110	 70
5111	 96
5112	 66
5113	 78
5114	 68
5115	 90
5116	 79
5117	 105
5118	 100
5119	 87
5120	 67
5121	 62
5122	 77
5123	 102
5124	 76
5125	 90
5126	 72
5127	 63
5128	 55
5129	 78
5130	 77
5131	 92
5132	 67
5133	 74
5134	 81
5135	 85
5136	 86
5137	 56
5138	 82
5139	 82
5140	 80
5141	 82
5142	 84
5143	 74
5144	 86
5145	 86
5146	 78
5147	 63
5148	 75
5149	 76
5150	 79
5151	 77
5152	 74
5153	 86
5154	 86
5155	 77
5156	 62
5157	 80
5158	 85
5159	 98
5160	 69
5161	 73
5162	 77
5163	 85
5164	 91
5165	 79
5166	 82
5167	 91
5168	 76
5169	 72
5170	 69
5171	 81
5172	 88
5173	 83
5174	 86
5175	 65
5176	 79
5177	 90
5178	 74
5179	 73
5180	 55
5181	 78
5182	 60
5183	 90
5184	 80
5185	 77
5186	 76
5187	 78
5188	 74
5189	 89
5190	 88
5191	 72
5192	 69
5193	 86
5194	 77
5195	 66
5196	 77
5197	 77
5198	 91
5199	 88
5200	 68
5201	 76
5202	 85
5203	 90
5204	 78
5205	 74
5206	 79
5207	 37
5208	 76
5209	 76
5210	 93
5211	 87
5212	 82
5213	 64
5214	 85
5215	 90
5216	 89
5217	 92
5218	 67
5219	 69
5220	 88
5221	 85
5222	 80
5223	 69
5224	 69
5225	 63
5226	 75
5227	 65
5228	 84
5229	 90
5230	 77
5231	 85
5232	 63
5233	 78
5234	 75
5235	 68
5236	 83
5237	 76
5238	 80
5239	 95
5240	 89
5241	 80
5242	 84
5243	 73
5244	 66
5245	 75
5246	 63
5247	 99
5248	 83
5249	 80
5250	 80
5251	 85
5252	 85
5253	 79
5254	 97
5255	 71
5256	 78
5257	 56
5258	 86
5259	 76
5260	 80
5261	 77
5262	 64
5263	 76
5264	 69
5265	 65
5266	 72
5267	 82
5268	 88
5269	 76
5270	 66
5271	 73
5272	 82
5273	 87
5274	 85
5275	 58
5276	 70
5277	 78
5278	 80
5279	 78
5280	 57
5281	 81
5282	 85
5283	 79
5284	 75
5285	 96
5286	 79
5287	 86
5288	 79
5289	 80
5290	 68
5291	 67
5292	 79
5293	 62
5294	 76
5295	 76
5296	 76
5297	 107
5298	 71
5299	 83
5300	 89
5301	 89
5302	 89
5303	 96
5304	 73
5305	 80
5306	 70
5307	 87
5308	 78
5309	 81
5310	 59
5311	 85
5312	 80
5313	 48
5314	 83
5315	 70
5316	 86
5317	 81
5318	 78
5319	 92
5320	 69
5321	 90
5322	 76
5323	 81
5324	 45
5325	 76
5326	 78
5327	 71
5328	 69
5329	 71
5330	 72
5331	 70
5332	 80
5333	 81
5334	 82
5335	 85
5336	 83
5337	 74
5338	 58
5339	 69
5340	 79
5341	 74
5342	 78
5343	 80
5344	 75
5345	 76
5346	 84
5347	 68
5348	 80
5349	 88
5350	 64
5351	 92
5352	 78
5353	 85
5354	 80
5355	 74
5356	 82
5357	 77
5358	 61
5359	 70
5360	 61
5361	 83
5362	 68
5363	 90
5364	 93
5365	 83
5366	 87
5367	 77
5368	 88
5369	 77
5370	 77
5371	 87
5372	 90
5373	 75
5374	 100
5375	 81
5376	 76
5377	 80
5378	 84
5379	 76
5380	 86
5381	 97
5382	 73
5383	 86
5384	 84
5385	 83
5386	 84
5387	 91
5388	 85
5389	 55
5390	 84
5391	 80
5392	 74
5393	 80
5394	 93
5395	 82
5396	 89
5397	 69
5398	 76
5399	 70
5400	 81
5401	 89
5402	 77
5403	 84
5404	 84
5405	 83
5406	 80
5407	 71
5408	 94
5409	 80
5410	 85
5411	 82
5412	 81
5413	 90
5414	 72
5415	 75
5416	 81
5417	 76
5418	 77
5419	 73
5420	 78
5421	 80
5422	 98
5423	 69
5424	 80
5425	 62
5426	 87
5427	 82
5428	 69
5429	 74
5430	 79
5431	 75
5432	 81
5433	 79
5434	 80
5435	 68
5436	 74
5437	 94
5438	 74
5439	 78
5440	 80
5441	 70
5442	 83
5443	 77
5444	 101
5445	 88
5446	 61
5447	 75
5448	 74
5449	 77
5450	 86
5451	 92
5452	 81
5453	 77
5454	 72
5455	 89
5456	 79
5457	 87
5458	 70
5459	 77
5460	 82
5461	 76
5462	 85
5463	 47
5464	 79
5465	 70
5466	 63
5467	 76
5468	 66
5469	 89
5470	 92
5471	 85
5472	 69
5473	 83
5474	 90
5475	 97
5476	 68
5477	 82
5478	 43
5479	 87
5480	 74
5481	 78
5482	 71
5483	 71
5484	 55
5485	 72
5486	 90
5487	 85
5488	 80
5489	 77
5490	 95
5491	 67
5492	 68
5493	 70
5494	 53
5495	 72
5496	 86
5497	 70
5498	 86
5499	 86
5500	 75
5501	 93
5502	 70
5503	 87
5504	 76
5505	 77
5506	 67
5507	 81
5508	 66
5509	 99
5510	 82
5511	 70
5512	 87
5513	 75
5514	 82
5515	 82
5516	 96
5517	 83
5518	 79
5519	 80
5520	 101
5521	 84
5522	 74
5523	 80
5524	 81
5525	 64
5526	 82
5527	 71
5528	 79
5529	 72
5530	 98
5531	 76
5532	 72
5533	 69
5534	 89
5535	 54
5536	 76
5537	 70
5538	 62
5539	 94
5540	 65
5541	 85
5542	 83
5543	 89
5544	 79
5545	 71
5546	 67
5547	 78
5548	 72
5549	 72
5550	 89
5551	 75
5552	 85
5553	 98
5554	 86
5555	 86
5556	 77
5557	 85
5558	 77
5559	 96
5560	 84
5561	 70
5562	 82
5563	 77
5564	 77
5565	 83
5566	 85
5567	 95
5568	 68
5569	 62
5570	 83
5571	 87
5572	 75
5573	 73
5574	 85
5575	 82
5576	 66
5577	 73
5578	 76
5579	 75
5580	 70
5581	 83
5582	 95
5583	 76
5584	 62
5585	 71
5586	 73
5587	 81
5588	 77
5589	 76
5590	 68
5591	 94
5592	 75
5593	 84
5594	 84
5595	 86
5596	 64
5597	 70
5598	 72
5599	 92
5600	 95
5601	 62
5602	 81
5603	 76
5604	 76
5605	 92
5606	 82
5607	 81
5608	 70
5609	 87
5610	 79
5611	 72
5612	 62
5613	 90
5614	 87
5615	 77
5616	 102
5617	 83
5618	 88
5619	 105
5620	 73
5621	 86
5622	 72
5623	 82
5624	 68
5625	 78
5626	 66
5627	 69
5628	 72
5629	 77
5630	 96
5631	 81
5632	 63
5633	 76
5634	 85
5635	 84
5636	 75
5637	 92
5638	 70
5639	 87
5640	 47
5641	 80
5642	 76
5643	 71
5644	 86
5645	 97
5646	 39
5647	 90
5648	 85
5649	 86
5650	 73
5651	 71
5652	 78
5653	 84
5654	 86
5655	 70
5656	 69
5657	 84
5658	 67
5659	 88
5660	 51
5661	 82
5662	 87
5663	 60
5664	 83
5665	 84
5666	 80
5667	 93
5668	 75
5669	 95
5670	 90
5671	 54
5672	 88
5673	 81
5674	 74
5675	 68
5676	 84
5677	 82
5678	 90
5679	 77
5680	 78
5681	 72
5682	 85
5683	 73
5684	 79
5685	 70
5686	 67
5687	 80
5688	 81
5689	 70
5690	 59
5691	 74
5692	 75
5693	 81
5694	 83
5695	 69
5696	 78
5697	 66
5698	 76
5699	 105
5700	 72
5701	 84
5702	 80
5703	 94
5704	 74
5705	 82
5706	 80
5707	 78
5708	 90
5709	 66
5710	 102
5711	 85
5712	 76
5713	 64
5714	 76
5715	 79
5716	 95
5717	 94
5718	 59
5719	 75
5720	 86
5721	 94
5722	 84
5723	 68
5724	 85
5725	 97
5726	 85
5727	 66
5728	 60
5729	 90
5730	 66
5731	 89
5732	 77
5733	 91
5734	 81
5735	 73
5736	 74
5737	 75
5738	 83
5739	 74
5740	 78
5741	 43
5742	 74
5743	 83
5744	 73
5745	 84
5746	 79
5747	 83
5748	 79
5749	 78
5750	 88
5751	 81
5752	 80
5753	 86
5754	 86
5755	 83
5756	 74
5757	 95
5758	 76
5759	 80
5760	 77
5761	 79
5762	 88
5763	 73
5764	 59
5765	 91
5766	 85
5767	 90
5768	 83
5769	 80
5770	 72
5771	 38
5772	 51
5773	 54
5774	 81
5775	 72
5776	 75
5777	 69
5778	 93
5779	 90
5780	 69
5781	 82
5782	 72
5783	 88
5784	 67
5785	 67
5786	 86
5787	 58
5788	 69
5789	 76
5790	 67
5791	 81
5792	 87
5793	 72
5794	 77
5795	 75
5796	 81
5797	 90
5798	 104
5799	 80
5800	 75
5801	 75
5802	 70
5803	 88
5804	 94
5805	 78
5806	 94
5807	 79
5808	 67
5809	 73
5810	 78
5811	 46
5812	 76
5813	 67
5814	 100
5815	 68
5816	 73
5817	 73
5818	 76
5819	 79
5820	 84
5821	 89
5822	 88
5823	 76
5824	 91
5825	 87
5826	 82
5827	 73
5828	 74
5829	 94
5830	 95
5831	 74
5832	 85
5833	 69
5834	 64
5835	 82
5836	 78
5837	 70
5838	 64
5839	 80
5840	 92
5841	 56
5842	 90
5843	 96
5844	 92
5845	 94
5846	 64
5847	 49
5848	 96
5849	 96
5850	 78
5851	 74
5852	 76
5853	 82
5854	 71
5855	 73
5856	 70
5857	 81
5858	 75
5859	 80
5860	 75
5861	 75
5862	 79
5863	 47
5864	 77
5865	 91
5866	 69
5867	 95
5868	 97
5869	 70
5870	 95
5871	 69
5872	 74
5873	 76
5874	 83
5875	 54
5876	 80
5877	 73
5878	 94
5879	 77
5880	 91
5881	 79
5882	 86
5883	 95
5884	 95
5885	 83
5886	 84
5887	 58
5888	 88
5889	 71
5890	 54
5891	 82
5892	 85
5893	 66
5894	 68
5895	 77
5896	 85
5897	 74
5898	 73
5899	 96
5900	 89
5901	 74
5902	 52
5903	 94
5904	 62
5905	 86
5906	 87
5907	 77
5908	 62
5909	 79
5910	 75
5911	 70
5912	 88
5913	 98
5914	 82
5915	 83
5916	 74
5917	 74
5918	 79
5919	 67
5920	 99
5921	 85
5922	 75
5923	 74
5924	 104
5925	 82
5926	 79
5927	 72
5928	 95
5929	 73
5930	 65
5931	 87
5932	 71
5933	 92
5934	 67
5935	 85
5936	 72
5937	 69
5938	 66
5939	 76
5940	 68
5941	 84
5942	 72
5943	 64
5944	 66
5945	 67
5946	 87
5947	 78
5948	 82
5949	 85
5950	 80
5951	 70
5952	 80
5953	 72
5954	 90
5955	 82
5956	 51
5957	 64
5958	 79
5959	 83
5960	 73
5961	 77
5962	 72
5963	 83
5964	 98
5965	 75
5966	 83
5967	 84
5968	 80
5969	 80
5970	 81
5971	 78
5972	 80
5973	 68
5974	 76
5975	 95
5976	 83
5977	 63
5978	 91
5979	 85
5980	 39
5981	 74
5982	 81
5983	 60
5984	 90
5985	 90
5986	 67
5987	 91
5988	 77
5989	 69
5990	 74
5991	 93
5992	 80
5993	 80
5994	 85
5995	 77
5996	 69
5997	 95
5998	 82
5999	 82
6000	 92
6001	 80
6002	 58
6003	 77
6004	 86
6005	 72
6006	 72
6007	 79
6008	 81
6009	 79
6010	 74
6011	 89
6012	 98
6013	 89
6014	 82
6015	 80
6016	 40
6017	 91
6018	 71
6019	 74
6020	 75
6021	 83
6022	 73
6023	 80
6024	 54
6025	 78
6026	 86
6027	 88
6028	 94
6029	 103
6030	 76
6031	 81
6032	 78
6033	 84
6034	 82
6035	 85
6036	 80
6037	 82
6038	 69
6039	 80
6040	 75
6041	 76
6042	 72
6043	 85
6044	 76
6045	 84
6046	 88
6047	 82
6048	 70
6049	 80
6050	 89
6051	 74
6052	 92
6053	 86
6054	 64
6055	 73
6056	 74
6057	 74
6058	 67
6059	 83
6060	 77
6061	 96
6062	 82
6063	 92
6064	 77
6065	 73
6066	 86
6067	 83
6068	 63
6069	 65
6070	 87
6071	 65
6072	 76
6073	 83
6074	 64
6075	 98
6076	 79
6077	 78
6078	 89
6079	 62
6080	 75
6081	 88
6082	 76
6083	 63
6084	 86
6085	 47
6086	 69
6087	 73
6088	 83
6089	 83
6090	 63
6091	 76
6092	 81
6093	 89
6094	 81
6095	 85
6096	 67
6097	 80
6098	 70
6099	 79
6100	 85
6101	 73
6102	 87
6103	 79
6104	 85
6105	 75
6106	 70
6107	 63
6108	 78
6109	 75
6110	 86
6111	 79
6112	 72
6113	 84
6114	 78
6115	 72
6116	 70
6117	 62
6118	 71
6119	 74
6120	 79
6121	 93
6122	 66
6123	 97
6124	 83
6125	 80
6126	 62
6127	 74
6128	 75
6129	 78
6130	 78
6131	 80
6132	 85
6133	 74
6134	 75
6135	 76
6136	 70
6137	 75
6138	 80
6139	 65
6140	 74
6141	 78
6142	 71
6143	 70
6144	 84
6145	 82
6146	 69
6147	 76
6148	 84
6149	 85
6150	 66
6151	 89
6152	 76
6153	 85
6154	 88
6155	 73
6156	 89
6157	 78
6158	 90
6159	 99
6160	 82
6161	 83
6162	 78
6163	 98
6164	 69
6165	 53
6166	 70
6167	 81
6168	 80
6169	 76
6170	 88
6171	 90
6172	 82
6173	 87
6174	 67
6175	 67
6176	 73
6177	 78
6178	 85
6179	 82
6180	 85
6181	 84
6182	 80
6183	 63
6184	 70
6185	 80
6186	 82
6187	 71
6188	 60
6189	 71
6190	 77
6191	 80
6192	 69
6193	 84
6194	 76
6195	 74
6196	 67
6197	 80
6198	 72
6199	 74
6200	 77
6201	 64
6202	 76
6203	 76
6204	 87
6205	 79
6206	 81
6207	 81
6208	 72
6209	 74
6210	 81
6211	 63
6212	 95
6213	 81
6214	 89
6215	 66
6216	 65
6217	 85
6218	 73
6219	 73
6220	 78
6221	 88
6222	 85
6223	 70
6224	 83
6225	 80
6226	 74
6227	 66
6228	 66
6229	 67
6230	 63
6231	 69
6232	 75
6233	 59
6234	 86
6235	 91
6236	 71
6237	 84
6238	 82
6239	 69
6240	 95
6241	 74
6242	 79
6243	 72
6244	 79
6245	 77
6246	 86
6247	 85
6248	 88
6249	 80
6250	 69
6251	 77
6252	 88
6253	 64
6254	 92
6255	 95
6256	 86
6257	 84
6258	 89
6259	 81
6260	 84
6261	 67
6262	 46
6263	 66
6264	 68
6265	 72
6266	 64
6267	 86
6268	 74
6269	 89
6270	 80
6271	 89
6272	 83
6273	 86
6274	 79
6275	 86
6276	 73
6277	 79
6278	 88
6279	 83
6280	 89
6281	 89
6282	 97
6283	 103
6284	 82
6285	 90
6286	 91
6287	 82
6288	 68
6289	 76
6290	 74
6291	 74
6292	 55
6293	 89
6294	 99
6295	 74
6296	 72
6297	 68
6298	 83
6299	 54
6300	 72
6301	 73
6302	 65
6303	 86
6304	 73
6305	 70
6306	 85
6307	 68
6308	 82
6309	 70
6310	 71
6311	 76
6312	 91
6313	 89
6314	 76
6315	 85
6316	 64
6317	 83
6318	 69
6319	 83
6320	 58
6321	 84
6322	 83
6323	 75
6324	 86
6325	 83
6326	 78
6327	 85
6328	 85
6329	 67
6330	 68
6331	 83
6332	 78
6333	 88
6334	 86
6335	 81
6336	 69
6337	 75
6338	 73
6339	 73
6340	 58
6341	 83
6342	 76
6343	 65
6344	 85
6345	 66
6346	 70
6347	 75
6348	 77
6349	 62
6350	 78
6351	 82
6352	 95
6353	 47
6354	 87
6355	 83
6356	 57
6357	 67
6358	 65
6359	 72
6360	 53
6361	 91
6362	 80
6363	 73
6364	 88
6365	 73
6366	 84
6367	 106
6368	 84
6369	 68
6370	 67
6371	 67
6372	 75
6373	 80
6374	 72
6375	 85
6376	 83
6377	 71
6378	 67
6379	 79
6380	 81
6381	 93
6382	 77
6383	 54
6384	 76
6385	 79
6386	 78
6387	 80
6388	 67
6389	 91
6390	 77
6391	 97
6392	 67
6393	 85
6394	 83
6395	 63
6396	 91
6397	 38
6398	 93
6399	 45
6400	 73
6401	 80
6402	 62
6403	 72
6404	 86
6405	 87
6406	 72
6407	 89
6408	 100
6409	 76
6410	 83
6411	 75
6412	 75
6413	 86
6414	 93
6415	 86
6416	 80
6417	 78
6418	 95
6419	 95
6420	 82
6421	 70
6422	 82
6423	 85
6424	 80
6425	 93
6426	 84
6427	 66
6428	 91
6429	 83
6430	 61
6431	 75
6432	 99
6433	 80
6434	 81
6435	 64
6436	 72
6437	 79
6438	 80
6439	 88
6440	 94
6441	 84
6442	 82
6443	 94
6444	 50
6445	 41
6446	 87
6447	 90
6448	 84
6449	 75
6450	 85
6451	 73
6452	 78
6453	 85
6454	 77
6455	 83
6456	 66
6457	 66
6458	 79
6459	 86
6460	 70
6461	 49
6462	 72
6463	 69
6464	 82
6465	 79
6466	 44
6467	 75
6468	 81
6469	 76
6470	 73
6471	 67
6472	 77
6473	 66
6474	 73
6475	 84
6476	 70
6477	 76
6478	 74
6479	 90
6480	 69
6481	 77
6482	 72
6483	 95
6484	 77
6485	 98
6486	 50
6487	 85
6488	 74
6489	 74
6490	 76
6491	 69
6492	 86
6493	 74
6494	 74
6495	 80
6496	 78
6497	 84
6498	 101
6499	 95
6500	 77
6501	 81
6502	 72
6503	 85
6504	 81
6505	 83
6506	 90
6507	 81
6508	 79
6509	 73
6510	 76
6511	 99
6512	 92
6513	 69
6514	 68
6515	 65
6516	 84
6517	 82
6518	 78
6519	 64
6520	 40
6521	 71
6522	 101
6523	 81
6524	 77
6525	 79
6526	 56
6527	 43
6528	 95
6529	 95
6530	 82
6531	 81
6532	 58
6533	 74
6534	 80
6535	 74
6536	 92
6537	 94
6538	 84
6539	 68
6540	 75
6541	 102
6542	 93
6543	 83
6544	 81
6545	 93
6546	 83
6547	 67
6548	 95
6549	 58
6550	 73
6551	 54
6552	 90
6553	 68
6554	 73
6555	 79
6556	 54
6557	 77
6558	 80
6559	 65
6560	 77
6561	 68
6562	 77
6563	 53
6564	 71
6565	 97
6566	 91
6567	 63
6568	 73
6569	 79
6570	 57
6571	 98
6572	 82
6573	 100
6574	 80
6575	 80
6576	 89
6577	 70
6578	 72
6579	 69
6580	 71
6581	 83
6582	 70
6583	 85
6584	 74
6585	 85
6586	 52
6587	 79
6588	 65
6589	 77
6590	 85
6591	 82
6592	 83
6593	 73
6594	 94
6595	 68
6596	 31
6597	 83
6598	 74
6599	 94
6600	 84
6601	 86
6602	 81
6603	 94
6604	 54
6605	 51
6606	 70
6607	 99
6608	 83
6609	 66
6610	 97
6611	 68
6612	 66
6613	 78
6614	 82
6615	 82
6616	 95
6617	 65
6618	 65
6619	 85
6620	 83
6621	 78
6622	 72
6623	 91
6624	 92
6625	 84
6626	 97
6627	 79
6628	 68
6629	 75
6630	 75
6631	 68
6632	 81
6633	 81
6634	 67
6635	 93
6636	 91
6637	 76
6638	 64
6639	 88
6640	 63
6641	 45
6642	 84
6643	 67
6644	 80
6645	 86
6646	 80
6647	 78
6648	 78
6649	 83
6650	 89
6651	 78
6652	 78
6653	 76
6654	 84
6655	 84
6656	 79
6657	 76
6658	 78
6659	 84
6660	 86
6661	 82
6662	 64
6663	 77
6664	 73
6665	 97
6666	 80
6667	 79
6668	 86
6669	 33
6670	 58
6671	 77
6672	 77
6673	 76
6674	 49
6675	 74
6676	 70
6677	 71
6678	 70
6679	 73
6680	 49
6681	 88
6682	 79
6683	 89
6684	 75
6685	 79
6686	 79
6687	 85
6688	 79
6689	 89
6690	 93
6691	 88
6692	 63
6693	 92
6694	 76
6695	 71
6696	 67
6697	 45
6698	 81
6699	 95
6700	 74
6701	 95
6702	 71
6703	 65
6704	 80
6705	 67
6706	 83
6707	 80
6708	 62
6709	 90
6710	 64
6711	 99
6712	 68
6713	 58
6714	 96
6715	 75
6716	 62
6717	 72
6718	 77
6719	 89
6720	 58
6721	 79
6722	 66
6723	 78
6724	 75
6725	 76
6726	 99
6727	 73
6728	 93
6729	 70
6730	 76
6731	 85
6732	 75
6733	 66
6734	 87
6735	 91
6736	 81
6737	 73
6738	 70
6739	 86
6740	 76
6741	 74
6742	 56
6743	 81
6744	 71
6745	 92
6746	 65
6747	 50
6748	 70
6749	 78
6750	 64
6751	 84
6752	 86
6753	 75
6754	 43
6755	 84
6756	 87
6757	 73
6758	 67
6759	 71
6760	 74
6761	 70
6762	 74
6763	 60
6764	 65
6765	 85
6766	 80
6767	 66
6768	 78
6769	 71
6770	 87
6771	 74
6772	 73
6773	 77
6774	 77
6775	 73
6776	 84
6777	 67
6778	 69
6779	 85
6780	 87
6781	 71
6782	 82
6783	 82
6784	 84
6785	 56
6786	 71
6787	 81
6788	 95
6789	 95
6790	 88
6791	 71
6792	 84
6793	 71
6794	 84
6795	 45
6796	 71
6797	 78
6798	 63
6799	 88
6800	 53
6801	 72
6802	 93
6803	 90
6804	 84
6805	 80
6806	 72
6807	 35
6808	 55
6809	 85
6810	 71
6811	 94
6812	 69
6813	 85
6814	 88
6815	 76
6816	 74
6817	 87
6818	 77
6819	 60
6820	 50
6821	 79
6822	 71
6823	 96
6824	 78
6825	 85
6826	 87
6827	 83
6828	 79
6829	 64
6830	 76
6831	 86
6832	 79
6833	 90
6834	 85
6835	 83
6836	 80
6837	 83
6838	 77
6839	 74
6840	 76
6841	 84
6842	 67
6843	 88
6844	 94
6845	 54
6846	 78
6847	 70
6848	 80
6849	 63
6850	 77
6851	 69
6852	 75
6853	 76
6854	 62
6855	 66
6856	 81
6857	 93
6858	 60
6859	 80
6860	 82
6861	 91
6862	 76
6863	 64
6864	 84
6865	 64
6866	 82
6867	 98
6868	 79
6869	 77
6870	 71
6871	 61
6872	 72
6873	 84
6874	 77
6875	 79
6876	 85
6877	 85
6878	 76
6879	 80
6880	 67
6881	 88
6882	 79
6883	 81
6884	 99
6885	 80
6886	 88
6887	 88
6888	 78
6889	 63
6890	 68
6891	 77
6892	 94
6893	 87
6894	 63
6895	 62
6896	 84
6897	 84
6898	 88
6899	 75
6900	 95
6901	 89
6902	 76
6903	 83
6904	 82
6905	 93
6906	 80
6907	 74
6908	 77
6909	 89
6910	 71
6911	 88
6912	 46
6913	 72
6914	 79
6915	 84
6916	 88
6917	 77
6918	 87
6919	 81
6920	 75
6921	 81
6922	 73
6923	 91
6924	 78
6925	 93
6926	 77
6927	 77
6928	 79
6929	 86
6930	 44
6931	 96
6932	 80
6933	 84
6934	 79
6935	 97
6936	 77
6937	 78
6938	 89
6939	 61
6940	 88
6941	 66
6942	 74
6943	 58
6944	 83
6945	 60
6946	 77
6947	 67
6948	 85
6949	 74
6950	 83
6951	 68
6952	 72
6953	 86
6954	 81
6955	 94
6956	 94
6957	 74
6958	 84
6959	 91
6960	 63
6961	 88
6962	 68
6963	 76
6964	 90
6965	 77
6966	 99
6967	 102
6968	 83
6969	 81
6970	 79
6971	 102
6972	 83
6973	 59
6974	 86
6975	 87
6976	 71
6977	 74
6978	 76
6979	 77
6980	 73
6981	 89
6982	 85
6983	 63
6984	 70
6985	 75
6986	 57
6987	 72
6988	 80
6989	 64
6990	 83
6991	 82
6992	 81
6993	 81
6994	 70
6995	 72
6996	 76
6997	 78
6998	 70
6999	 83
7000	 80
7001	 96
7002	 60
7003	 71
7004	 85
7005	 47
7006	 68
7007	 73
7008	 70
7009	 53
7010	 78
7011	 80
7012	 79
7013	 84
7014	 101
7015	 89
7016	 92
7017	 76
7018	 72
7019	 69
7020	 75
7021	 90
7022	 79
7023	 80
7024	 67
7025	 79
7026	 64
7027	 79
7028	 78
7029	 69
7030	 74
7031	 88
7032	 79
7033	 74
7034	 81
7035	 84
7036	 79
7037	 60
7038	 88
7039	 64
7040	 79
7041	 80
7042	 70
7043	 83
7044	 97
7045	 64
7046	 72
7047	 70
7048	 92
7049	 90
7050	 94
7051	 58
7052	 80
7053	 80
7054	 79
7055	 83
7056	 83
7057	 87
7058	 80
7059	 86
7060	 68
7061	 78
7062	 72
7063	 71
7064	 67
7065	 68
7066	 63
7067	 60
7068	 88
7069	 66
7070	 97
7071	 89
7072	 77
7073	 93
7074	 79
7075	 76
7076	 98
7077	 96
7078	 82
7079	 55
7080	 73
7081	 78
7082	 78
7083	 77
7084	 87
7085	 76
7086	 73
7087	 75
7088	 86
7089	 65
7090	 79
7091	 104
7092	 69
7093	 81
7094	 78
7095	 73
7096	 98
7097	 52
7098	 66
7099	 79
7100	 93
7101	 71
7102	 73
7103	 89
7104	 75
7105	 61
7106	 77
7107	 71
7108	 87
7109	 71
7110	 73
7111	 70
7112	 81
7113	 102
7114	 72
7115	 87
7116	 89
7117	 65
7118	 64
7119	 66
7120	 77
7121	 71
7122	 77
7123	 69
7124	 66
7125	 79
7126	 72
7127	 42
7128	 81
7129	 82
7130	 77
7131	 76
7132	 82
7133	 77
7134	 96
7135	 75
7136	 65
7137	 72
7138	 72
7139	 74
7140	 77
7141	 89
7142	 81
7143	 62
7144	 73
7145	 62
7146	 75
7147	 65
7148	 76
7149	 81
7150	 88
7151	 79
7152	 73
7153	 61
7154	 78
7155	 80
7156	 83
7157	 79
7158	 66
7159	 88
7160	 67
7161	 84
7162	 84
7163	 86
7164	 77
7165	 94
7166	 67
7167	 40
7168	 81
7169	 68
7170	 61
7171	 81
7172	 83
7173	 89
7174	 59
7175	 84
7176	 69
7177	 71
7178	 43
7179	 81
7180	 77
7181	 82
7182	 76
7183	 89
7184	 61
7185	 88
7186	 66
7187	 92
7188	 78
7189	 73
7190	 89
7191	 66
7192	 73
7193	 78
7194	 84
7195	 95
7196	 51
7197	 91
7198	 65
7199	 81
7200	 70
7201	 77
7202	 69
7203	 89
7204	 74
7205	 88
7206	 87
7207	 79
7208	 75
7209	 77
7210	 82
7211	 80
7212	 65
7213	 65
7214	 67
7215	 45
7216	 81
7217	 82
7218	 84
7219	 94
7220	 49
7221	 77
7222	 80
7223	 76
7224	 75
7225	 79
7226	 93
7227	 87
7228	 78
7229	 93
7230	 77
7231	 72
7232	 84
7233	 88
7234	 87
7235	 89
7236	 84
7237	 72
7238	 53
7239	 75
7240	 77
7241	 70
7242	 91
7243	 83
7244	 68
7245	 88
7246	 78
7247	 66
7248	 61
7249	 74
7250	 82
7251	 91
7252	 79
7253	 77
7254	 66
7255	 93
7256	 85
7257	 77
7258	 91
7259	 74
7260	 74
7261	 92
7262	 93
7263	 68
7264	 95
7265	 84
7266	 93
7267	 95
7268	 80
7269	 75
7270	 81
7271	 84
7272	 95
7273	 90
7274	 69
7275	 54
7276	 71
7277	 68
7278	 86
7279	 75
7280	 58
7281	 66
7282	 74
7283	 37
7284	 101
7285	 91
7286	 69
7287	 103
7288	 75
7289	 69
7290	 90
7291	 70
7292	 94
7293	 81
7294	 70
7295	 69
7296	 71
7297	 83
7298	 76
7299	 70
7300	 45
7301	 46
7302	 76
7303	 83
7304	 72
7305	 67
7306	 66
7307	 73
7308	 80
7309	 87
7310	 91
7311	 72
7312	 81
7313	 82
7314	 82
7315	 69
7316	 66
7317	 72
7318	 81
7319	 85
7320	 69
7321	 91
7322	 74
7323	 63
7324	 74
7325	 82
7326	 79
7327	 90
7328	 72
7329	 70
7330	 76
7331	 81
7332	 79
7333	 71
7334	 81
7335	 86
7336	 82
7337	 76
7338	 95
7339	 61
7340	 83
7341	 76
7342	 87
7343	 82
7344	 92
7345	 73
7346	 82
7347	 82
7348	 72
7349	 80
7350	 70
7351	 75
7352	 56
7353	 72
7354	 79
7355	 79
7356	 81
7357	 46
7358	 91
7359	 78
7360	 85
7361	 75
7362	 81
7363	 80
7364	 76
7365	 78
7366	 85
7367	 99
7368	 69
7369	 77
7370	 98
7371	 75
7372	 80
7373	 83
7374	 88
7375	 79
7376	 82
7377	 78
7378	 53
7379	 70
7380	 84
7381	 81
7382	 68
7383	 74
7384	 88
7385	 77
7386	 81
7387	 87
7388	 85
7389	 83
7390	 88
7391	 63
7392	 75
7393	 74
7394	 80
7395	 102
7396	 69
7397	 89
7398	 84
7399	 97
7400	 89
7401	 73
7402	 67
7403	 73
7404	 71
7405	 81
7406	 74
7407	 68
7408	 88
7409	 83
7410	 102
7411	 71
7412	 83
7413	 78
7414	 66
7415	 89
7416	 90
7417	 76
7418	 84
7419	 88
7420	 62
7421	 80
7422	 77
7423	 85
7424	 64
7425	 74
7426	 78
7427	 82
7428	 81
7429	 69
7430	 83
7431	 79
7432	 76
7433	 74
7434	 88
7435	 87
7436	 68
7437	 69
7438	 36
7439	 69
7440	 88
7441	 87
7442	 70
7443	 85
7444	 73
7445	 89
7446	 76
7447	 100
7448	 74
7449	 80
7450	 83
7451	 75
7452	 89
7453	 83
7454	 84
7455	 66
7456	 80
7457	 76
7458	 98
7459	 74
7460	 90
7461	 89
7462	 76
7463	 71
7464	 89
7465	 72
7466	 97
7467	 61
7468	 94
7469	 60
7470	 69
7471	 86
7472	 89
7473	 56
7474	 72
7475	 95
7476	 61
7477	 71
7478	 76
7479	 98
7480	 71
7481	 90
7482	 74
7483	 77
7484	 74
7485	 92
7486	 78
7487	 77
7488	 69
7489	 82
7490	 78
7491	 86
7492	 76
7493	 76
7494	 84
7495	 78
7496	 78
7497	 95
7498	 81
7499	 66
7500	 89
7501	 85
7502	 83
7503	 74
7504	 84
7505	 84
7506	 91
7507	 85
7508	 63
7509	 82
7510	 87
7511	 89
7512	 75
7513	 77
7514	 65
7515	 60
7516	 80
7517	 80
7518	 96
7519	 77
7520	 86
7521	 68
7522	 80
7523	 87
7524	 63
7525	 75
7526	 85
7527	 96
7528	 48
7529	 84
7530	 77
7531	 81
7532	 86
7533	 79
7534	 67
7535	 68
7536	 90
7537	 78
7538	 69
7539	 85
7540	 83
7541	 100
7542	 85
7543	 83
7544	 82
7545	 78
7546	 66
7547	 83
7548	 72
7549	 87
7550	 92
7551	 44
7552	 76
7553	 78
7554	 78
7555	 92
7556	 83
7557	 74
7558	 33
7559	 86
7560	 88
7561	 88
7562	 83
7563	 97
7564	 77
7565	 96
7566	 79
7567	 81
7568	 74
7569	 79
7570	 90
7571	 67
7572	 91
7573	 72
7574	 84
7575	 86
7576	 75
7577	 91
7578	 79
7579	 73
7580	 76
7581	 95
7582	 88
7583	 88
7584	 106
7585	 90
7586	 93
7587	 77
7588	 87
7589	 66
7590	 62
7591	 70
7592	 81
7593	 85
7594	 81
7595	 75
7596	 91
7597	 81
7598	 76
7599	 76
7600	 67
7601	 82
7602	 81
7603	 71
7604	 79
7605	 75
7606	 83
7607	 70
7608	 84
7609	 80
7610	 66
7611	 86
7612	 72
7613	 82
7614	 86
7615	 76
7616	 75
7617	 81
7618	 80
7619	 89
7620	 96
7621	 73
7622	 85
7623	 82
7624	 77
7625	 74
7626	 82
7627	 66
7628	 75
7629	 89
7630	 84
7631	 78
7632	 69
7633	 87
7634	 62
7635	 80
7636	 81
7637	 64
7638	 91
7639	 77
7640	 83
7641	 71
7642	 69
7643	 69
7644	 69
7645	 67
7646	 82
7647	 39
7648	 81
7649	 86
7650	 80
7651	 78
7652	 92
7653	 68
7654	 74
7655	 100
7656	 75
7657	 39
7658	 89
7659	 90
7660	 84
7661	 86
7662	 68
7663	 77
7664	 70
7665	 70
7666	 85
7667	 72
7668	 83
7669	 78
7670	 65
7671	 79
7672	 76
7673	 84
7674	 73
7675	 75
7676	 63
7677	 73
7678	 66
7679	 66
7680	 84
7681	 78
7682	 69
7683	 80
7684	 72
7685	 66
7686	 85
7687	 71
7688	 83
7689	 68
7690	 85
7691	 82
7692	 72
7693	 67
7694	 80
7695	 65
7696	 84
7697	 80
7698	 80
7699	 85
7700	 94
7701	 88
7702	 87
7703	 74
7704	 79
7705	 64
7706	 73
7707	 49
7708	 64
7709	 78
7710	 74
7711	 68
7712	 70
7713	 74
7714	 72
7715	 74
7716	 72
7717	 70
7718	 82
7719	 85
7720	 71
7721	 80
7722	 95
7723	 73
7724	 69
7725	 73
7726	 78
7727	 63
7728	 63
7729	 67
7730	 78
7731	 91
7732	 88
7733	 77
7734	 89
7735	 81
7736	 75
7737	 86
7738	 83
7739	 88
7740	 76
7741	 86
7742	 91
7743	 74
7744	 98
7745	 74
7746	 80
7747	 78
7748	 59
7749	 66
7750	 66
7751	 74
7752	 88
7753	 80
7754	 79
7755	 85
7756	 73
7757	 71
7758	 85
7759	 80
7760	 64
7761	 76
7762	 73
7763	 87
7764	 84
7765	 47
7766	 71
7767	 64
7768	 83
7769	 73
7770	 80
7771	 88
7772	 89
7773	 91
7774	 92
7775	 84
7776	 81
7777	 90
7778	 74
7779	 93
7780	 67
7781	 101
7782	 73
7783	 79
7784	 53
7785	 85
7786	 80
7787	 76
7788	 60
7789	 81
7790	 50
7791	 82
7792	 81
7793	 48
7794	 78
7795	 92
7796	 73
7797	 88
7798	 66
7799	 85
7800	 78
7801	 57
7802	 94
7803	 84
7804	 84
7805	 96
7806	 77
7807	 66
7808	 79
7809	 83
7810	 85
7811	 77
7812	 73
7813	 69
7814	 73
7815	 80
7816	 79
7817	 77
7818	 50
7819	 77
7820	 81
7821	 48
7822	 79
7823	 78
7824	 73
7825	 82
7826	 90
7827	 92
7828	 66
7829	 70
7830	 71
7831	 68
7832	 76
7833	 92
7834	 46
7835	 71
7836	 68
7837	 75
7838	 71
7839	 80
7840	 80
7841	 87
7842	 71
7843	 85
7844	 75
7845	 85
7846	 79
7847	 90
7848	 82
7849	 59
7850	 69
7851	 78
7852	 67
7853	 70
7854	 72
7855	 91
7856	 75
7857	 68
7858	 89
7859	 79
7860	 81
7861	 83
7862	 62
7863	 81
7864	 79
7865	 70
7866	 81
7867	 81
7868	 74
7869	 74
7870	 82
7871	 89
7872	 84
7873	 92
7874	 65
7875	 72
7876	 99
7877	 70
7878	 82
7879	 84
7880	 80
7881	 93
7882	 70
7883	 64
7884	 79
7885	 70
7886	 94
7887	 67
7888	 93
7889	 48
7890	 70
7891	 98
7892	 78
7893	 80
7894	 92
7895	 77
7896	 63
7897	 88
7898	 74
7899	 87
7900	 76
7901	 60
7902	 84
7903	 79
7904	 78
7905	 93
7906	 77
7907	 78
7908	 85
7909	 97
7910	 67
7911	 92
7912	 76
7913	 82
7914	 81
7915	 101
7916	 81
7917	 77
7918	 74
7919	 64
7920	 78
7921	 96
7922	 87
7923	 91
7924	 70
7925	 96
7926	 83
7927	 63
7928	 46
7929	 72
7930	 86
7931	 89
7932	 83
7933	 85
7934	 86
7935	 73
7936	 95
7937	 73
7938	 77
7939	 76
7940	 65
7941	 78
7942	 84
7943	 86
7944	 65
7945	 76
7946	 81
7947	 72
7948	 83
7949	 77
7950	 76
7951	 74
7952	 81
7953	 74
7954	 81
7955	 78
7956	 99
7957	 95
7958	 82
7959	 62
7960	 72
7961	 80
7962	 88
7963	 91
7964	 105
7965	 93
7966	 72
7967	 75
7968	 98
7969	 67
7970	 76
7971	 85
7972	 81
7973	 71
7974	 87
7975	 60
7976	 75
7977	 89
7978	 80
7979	 84
7980	 75
7981	 81
7982	 84
7983	 66
7984	 69
7985	 70
7986	 101
7987	 94
7988	 88
7989	 85
7990	 52
7991	 90
7992	 88
7993	 73
7994	 77
7995	 98
7996	 68
7997	 66
7998	 98
7999	 90
8000	 79
8001	 72
8002	 75
8003	 78
8004	 75
8005	 79
8006	 76
8007	 75
8008	 91
8009	 71
8010	 90
8011	 74
8012	 77
8013	 82
8014	 83
8015	 39
8016	 79
8017	 94
8018	 82
8019	 77
8020	 73
8021	 91
8022	 75
8023	 97
8024	 89
8025	 70
8026	 84
8027	 92
8028	 88
8029	 83
8030	 74
8031	 75
8032	 79
8033	 71
8034	 70
8035	 71
8036	 60
8037	 101
8038	 81
8039	 86
8040	 72
8041	 66
8042	 69
8043	 69
8044	 86
8045	 97
8046	 86
8047	 65
8048	 87
8049	 49
8050	 73
8051	 86
8052	 88
8053	 74
8054	 86
8055	 62
8056	 86
8057	 67
8058	 59
8059	 71
8060	 73
8061	 84
8062	 84
8063	 87
8064	 63
8065	 67
8066	 92
8067	 86
8068	 72
8069	 83
8070	 85
8071	 72
8072	 78
8073	 72
8074	 92
8075	 88
8076	 107
8077	 87
8078	 84
8079	 84
8080	 76
8081	 95
8082	 42
8083	 75
8084	 71
8085	 72
8086	 60
8087	 83
8088	 77
8089	 86
8090	 69
8091	 77
8092	 67
8093	 95
8094	 68
8095	 71
8096	 72
8097	 71
8098	 76
8099	 74
8100	 78
8101	 94
8102	 92
8103	 86
8104	 81
8105	 69
8106	 61
8107	 89
8108	 73
8109	 81
8110	 37
8111	 75
8112	 56
8113	 71
8114	 84
8115	 78
8116	 77
8117	 79
8118	 95
8119	 73
8120	 71
8121	 73
8122	 68
8123	 73
8124	 76
8125	 87
8126	 75
8127	 69
8128	 90
8129	 68
8130	 89
8131	 89
8132	 78
8133	 74
8134	 80
8135	 76
8136	 88
8137	 88
8138	 61
8139	 74
8140	 70
8141	 91
8142	 89
8143	 86
8144	 71
8145	 76
8146	 86
8147	 89
8148	 82
8149	 81
8150	 68
8151	 90
8152	 93
8153	 57
8154	 78
8155	 69
8156	 78
8157	 76
8158	 86
8159	 69
8160	 80
8161	 71
8162	 78
8163	 75
8164	 91
8165	 80
8166	 88
8167	 88
8168	 90
8169	 73
8170	 80
8171	 98
8172	 57
8173	 60
8174	 79
8175	 61
8176	 75
8177	 66
8178	 80
8179	 72
8180	 86
8181	 91
8182	 68
8183	 87
8184	 82
8185	 67
8186	 82
8187	 70
8188	 84
8189	 65
8190	 86
8191	 76
8192	 66
8193	 84
8194	 93
8195	 80
8196	 75
8197	 69
8198	 75
8199	 84
8200	 78
8201	 69
8202	 83
8203	 62
8204	 104
8205	 94
8206	 84
8207	 81
8208	 87
8209	 85
8210	 75
8211	 79
8212	 47
8213	 74
8214	 91
8215	 72
8216	 83
8217	 76
8218	 98
8219	 61
8220	 68
8221	 62
8222	 62
8223	 109
8224	 72
8225	 79
8226	 79
8227	 79
8228	 85
8229	 71
8230	 86
8231	 82
8232	 81
8233	 78
8234	 56
8235	 85
8236	 74
8237	 86
8238	 73
8239	 83
8240	 72
8241	 70
8242	 86
8243	 69
8244	 72
8245	 98
8246	 78
8247	 65
8248	 76
8249	 83
8250	 73
8251	 67
8252	 74
8253	 72
8254	 46
8255	 82
8256	 72
8257	 68
8258	 72
8259	 59
8260	 84
8261	 90
8262	 67
8263	 87
8264	 67
8265	 88
8266	 61
8267	 66
8268	 84
8269	 82
8270	 68
8271	 59
8272	 84
8273	 70
8274	 91
8275	 68
8276	 83
8277	 98
8278	 80
8279	 69
8280	 85
8281	 74
8282	 78
8283	 78
8284	 68
8285	 87
8286	 79
8287	 73
8288	 74
8289	 71
8290	 90
8291	 85
8292	 76
8293	 74
8294	 69
8295	 69
8296	 84
8297	 78
8298	 85
8299	 80
8300	 72
8301	 63
8302	 81
8303	 67
8304	 89
8305	 86
8306	 60
8307	 85
8308	 80
8309	 85
8310	 68
8311	 78
8312	 87
8313	 81
8314	 81
8315	 77
8316	 78
8317	 81
8318	 52
8319	 91
8320	 84
8321	 83
8322	 65
8323	 64
8324	 74
8325	 84
8326	 91
8327	 67
8328	 89
8329	 68
8330	 82
8331	 83
8332	 88
8333	 69
8334	 84
8335	 78
8336	 80
8337	 88
8338	 77
8339	 92
8340	 83
8341	 76
8342	 74
8343	 64
8344	 92
8345	 97
8346	 86
8347	 41
8348	 77
8349	 85
8350	 87
8351	 82
8352	 74
8353	 76
8354	 91
8355	 86
8356	 104
8357	 84
8358	 38
8359	 95
8360	 83
8361	 75
8362	 72
8363	 87
8364	 39
8365	 78
8366	 86
8367	 69
8368	 87
8369	 76
8370	 74
8371	 73
8372	 99
8373	 66
8374	 57
8375	 81
8376	 72
8377	 94
8378	 84
8379	 80
8380	 65
8381	 75
8382	 43
8383	 84
8384	 77
8385	 74
8386	 79
8387	 70
8388	 83
8389	 89
8390	 96
8391	 67
8392	 76
8393	 84
8394	 72
8395	 65
8396	 59
8397	 86
8398	 100
8399	 71
8400	 90
8401	 86
8402	 92
8403	 69
8404	 84
8405	 83
8406	 77
8407	 86
8408	 81
8409	 78
8410	 64
8411	 98
8412	 72
8413	 80
8414	 70
8415	 66
8416	 80
8417	 91
8418	 74
8419	 94
8420	 67
8421	 79
8422	 75
8423	 85
8424	 67
8425	 87
8426	 73
8427	 88
8428	 53
8429	 82
8430	 75
8431	 74
8432	 86
8433	 54
8434	 81
8435	 85
8436	 79
8437	 67
8438	 93
8439	 81
8440	 80
8441	 74
8442	 82
8443	 74
8444	 91
8445	 62
8446	 49
8447	 79
8448	 89
8449	 76
8450	 82
8451	 77
8452	 72
8453	 77
8454	 88
8455	 80
8456	 67
8457	 84
8458	 80
8459	 79
8460	 87
8461	 81
8462	 76
8463	 77
8464	 77
8465	 86
8466	 82
8467	 75
8468	 83
8469	 83
8470	 73
8471	 80
8472	 63
8473	 77
8474	 73
8475	 83
8476	 56
8477	 81
8478	 87
8479	 84
8480	 71
8481	 72
8482	 94
8483	 79
8484	 82
8485	 65
8486	 76
8487	 69
8488	 83
8489	 80
8490	 75
8491	 82
8492	 95
8493	 79
8494	 84
8495	 64
8496	 79
8497	 74
8498	 83
8499	 71
8500	 86
8501	 89
8502	 86
8503	 84
8504	 81
8505	 93
8506	 54
8507	 74
8508	 79
8509	 71
8510	 83
8511	 82
8512	 79
8513	 75
8514	 92
8515	 86
8516	 77
8517	 74
8518	 71
8519	 72
8520	 82
8521	 34
8522	 81
8523	 74
8524	 88
8525	 61
8526	 93
8527	 88
8528	 72
8529	 79
8530	 84
8531	 81
8532	 93
8533	 69
8534	 66
8535	 90
8536	 76
8537	 84
8538	 77
8539	 65
8540	 65
8541	 78
8542	 87
8543	 81
8544	 60
8545	 78
8546	 74
8547	 73
8548	 87
8549	 61
8550	 75
8551	 75
8552	 75
8553	 72
8554	 81
8555	 77
8556	 85
8557	 73
8558	 74
8559	 71
8560	 60
8561	 86
8562	 69
8563	 78
8564	 101
8565	 80
8566	 68
8567	 72
8568	 87
8569	 57
8570	 90
8571	 73
8572	 66
8573	 71
8574	 74
8575	 78
8576	 71
8577	 96
8578	 86
8579	 79
8580	 74
8581	 88
8582	 80
8583	 97
8584	 83
8585	 76
8586	 82
8587	 72
8588	 91
8589	 71
8590	 84
8591	 76
8592	 75
8593	 88
8594	 88
8595	 82
8596	 79
8597	 86
8598	 84
8599	 82
8600	 81
8601	 67
8602	 51
8603	 75
8604	 63
8605	 91
8606	 74
8607	 80
8608	 90
8609	 90
8610	 77
8611	 85
8612	 69
8613	 79
8614	 69
8615	 82
8616	 92
8617	 77
8618	 81
8619	 75
8620	 72
8621	 78
8622	 73
8623	 85
8624	 84
8625	 46
8626	 83
8627	 68
8628	 73
8629	 64
8630	 70
8631	 78
8632	 82
8633	 83
8634	 97
8635	 73
8636	 75
8637	 80
8638	 73
8639	 88
8640	 96
8641	 82
8642	 81
8643	 82
8644	 69
8645	 89
8646	 73
8647	 69
8648	 88
8649	 75
8650	 91
8651	 48
8652	 76
8653	 74
8654	 74
8655	 70
8656	 80
8657	 90
8658	 75
8659	 83
8660	 71
8661	 73
8662	 93
8663	 93
8664	 85
8665	 73
8666	 67
8667	 98
8668	 79
8669	 78
8670	 63
8671	 74
8672	 75
8673	 71
8674	 84
8675	 83
8676	 79
8677	 91
8678	 74
8679	 84
8680	 89
8681	 74
8682	 72
8683	 82
8684	 71
8685	 85
8686	 85
8687	 68
8688	 49
8689	 71
8690	 75
8691	 69
8692	 100
8693	 76
8694	 71
8695	 86
8696	 65
8697	 72
8698	 73
8699	 84
8700	 48
8701	 85
8702	 66
8703	 68
8704	 82
8705	 70
8706	 52
8707	 77
8708	 83
8709	 66
8710	 91
8711	 58
8712	 87
8713	 80
8714	 74
8715	 88
8716	 69
8717	 88
8718	 72
8719	 81
8720	 64
8721	 74
8722	 75
8723	 85
8724	 72
8725	 74
8726	 85
8727	 73
8728	 79
8729	 88
8730	 62
8731	 68
8732	 93
8733	 79
8734	 53
8735	 87
8736	 72
8737	 78
8738	 77
8739	 63
8740	 71
8741	 59
8742	 77
8743	 84
8744	 70
8745	 78
8746	 80
8747	 88
8748	 76
8749	 66
8750	 84
8751	 76
8752	 81
8753	 80
8754	 50
8755	 82
8756	 71
8757	 82
8758	 77
8759	 79
8760	 77
8761	 49
8762	 68
8763	 85
8764	 90
8765	 96
8766	 84
8767	 75
8768	 81
8769	 73
8770	 92
8771	 73
8772	 67
8773	 86
8774	 81
8775	 76
8776	 86
8777	 73
8778	 62
8779	 90
8780	 80
8781	 74
8782	 97
8783	 72
8784	 72
8785	 97
8786	 84
8787	 72
8788	 94
8789	 76
8790	 87
8791	 86
8792	 80
8793	 73
8794	 70
8795	 69
8796	 101
8797	 82
8798	 71
8799	 71
8800	 79
8801	 72
8802	 72
8803	 88
8804	 77
8805	 78
8806	 69
8807	 70
8808	 85
8809	 70
8810	 66
8811	 72
8812	 87
8813	 68
8814	 74
8815	 92
8816	 88
8817	 69
8818	 63
8819	 74
8820	 77
8821	 88
8822	 48
8823	 79
8824	 76
8825	 71
8826	 80
8827	 79
8828	 73
8829	 80
8830	 100
8831	 88
8832	 75
8833	 70
8834	 77
8835	 69
8836	 81
8837	 76
8838	 91
8839	 66
8840	 75
8841	 74
8842	 75
8843	 55
8844	 83
8845	 75
8846	 72
8847	 70
8848	 83
8849	 51
8850	 86
8851	 90
8852	 51
8853	 74
8854	 87
8855	 98
8856	 92
8857	 79
8858	 63
8859	 85
8860	 89
8861	 73
8862	 71
8863	 90
8864	 73
8865	 100
8866	 71
8867	 73
8868	 73
8869	 87
8870	 74
8871	 86
8872	 69
8873	 83
8874	 79
8875	 86
8876	 104
8877	 73
8878	 80
8879	 70
8880	 80
8881	 74
8882	 75
8883	 90
8884	 77
8885	 73
8886	 61
8887	 75
8888	 78
8889	 63
8890	 92
8891	 89
8892	 73
8893	 74
8894	 78
8895	 94
8896	 88
8897	 83
8898	 81
8899	 87
8900	 69
8901	 82
8902	 78
8903	 104
8904	 84
8905	 84
8906	 93
8907	 79
8908	 80
8909	 94
8910	 82
8911	 78
8912	 79
8913	 84
8914	 70
8915	 76
8916	 80
8917	 77
8918	 63
8919	 57
8920	 74
8921	 76
8922	 94
8923	 73
8924	 90
8925	 69
8926	 81
8927	 54
8928	 90
8929	 78
8930	 82
8931	 74
8932	 79
8933	 83
8934	 75
8935	 85
8936	 84
8937	 85
8938	 81
8939	 72
8940	 46
8941	 76
8942	 76
8943	 73
8944	 70
8945	 92
8946	 79
8947	 93
8948	 81
8949	 88
8950	 76
8951	 70
8952	 77
8953	 92
8954	 75
8955	 75
8956	 99
8957	 71
8958	 102
8959	 79
8960	 78
8961	 69
8962	 76
8963	 59
8964	 72
8965	 86
8966	 65
8967	 58
8968	 44
8969	 91
8970	 64
8971	 84
8972	 68
8973	 84
8974	 89
8975	 85
8976	 67
8977	 84
8978	 75
8979	 79
8980	 74
8981	 78
8982	 86
8983	 84
8984	 91
8985	 96
8986	 74
8987	 82
8988	 88
8989	 67
8990	 78
8991	 99
8992	 83
8993	 88
8994	 68
8995	 65
8996	 73
8997	 73
8998	 86
8999	 86
9000	 70
9001	 79
9002	 46
9003	 73
9004	 63
9005	 86
9006	 82
9007	 84
9008	 87
9009	 75
9010	 74
9011	 79
9012	 73
9013	 73
9014	 86
9015	 85
9016	 80
9017	 88
9018	 90
9019	 81
9020	 89
9021	 74
9022	 77
9023	 81
9024	 88
9025	 64
9026	 82
9027	 82
9028	 87
9029	 69
9030	 78
9031	 72
9032	 60
9033	 74
9034	 84
9035	 82
9036	 70
9037	 71
9038	 86
9039	 80
9040	 85
9041	 87
9042	 94
9043	 87
9044	 90
9045	 90
9046	 83
9047	 73
9048	 88
9049	 86
9050	 75
9051	 81
9052	 66
9053	 74
9054	 78
9055	 47
9056	 84
9057	 71
9058	 44
9059	 74
9060	 80
9061	 71
9062	 68
9063	 68
9064	 79
9065	 85
9066	 76
9067	 72
9068	 71
9069	 86
9070	 89
9071	 88
9072	 68
9073	 90
9074	 86
9075	 99
9076	 89
9077	 87
9078	 95
9079	 60
9080	 77
9081	 78
9082	 88
9083	 76
9084	 83
9085	 98
9086	 84
9087	 69
9088	 78
9089	 89
9090	 84
9091	 79
9092	 81
9093	 85
9094	 69
9095	 81
9096	 75
9097	 94
9098	 72
9099	 77
9100	 83
9101	 77
9102	 64
9103	 85
9104	 48
9105	 89
9106	 40
9107	 76
9108	 87
9109	 64
9110	 77
9111	 77
9112	 86
9113	 76
9114	 74
9115	 77
9116	 87
9117	 83
9118	 79
9119	 43
9120	 79
9121	 84
9122	 87
9123	 83
9124	 72
9125	 67
9126	 90
9127	 97
9128	 78
9129	 86
9130	 63
9131	 91
9132	 86
9133	 75
9134	 75
9135	 71
9136	 71
9137	 79
9138	 81
9139	 88
9140	 72
9141	 63
9142	 86
9143	 73
9144	 65
9145	 73
9146	 73
9147	 83
9148	 83
9149	 98
9150	 81
9151	 78
9152	 78
9153	 71
9154	 70
9155	 79
9156	 43
9157	 74
9158	 73
9159	 88
9160	 67
9161	 78
9162	 74
9163	 70
9164	 78
9165	 80
9166	 92
9167	 75
9168	 74
9169	 68
9170	 87
9171	 88
9172	 51
9173	 79
9174	 73
9175	 74
9176	 84
9177	 88
9178	 78
9179	 76
9180	 89
9181	 92
9182	 82
9183	 66
9184	 79
9185	 88
9186	 67
9187	 77
9188	 77
9189	 70
9190	 81
9191	 74
9192	 76
9193	 95
9194	 70
9195	 87
9196	 60
9197	 68
9198	 89
9199	 77
9200	 70
9201	 78
9202	 45
9203	 73
9204	 76
9205	 65
9206	 76
9207	 65
9208	 73
9209	 86
9210	 80
9211	 89
9212	 73
9213	 88
9214	 88
9215	 72
9216	 93
9217	 95
9218	 69
9219	 85
9220	 73
9221	 75
9222	 46
9223	 79
9224	 72
9225	 91
9226	 66
9227	 80
9228	 82
9229	 58
9230	 76
9231	 66
9232	 84
9233	 87
9234	 70
9235	 61
9236	 77
9237	 67
9238	 89
9239	 91
9240	 57
9241	 85
9242	 79
9243	 78
9244	 71
9245	 62
9246	 66
9247	 82
9248	 93
9249	 83
9250	 71
9251	 80
9252	 99
9253	 84
9254	 79
9255	 83
9256	 70
9257	 80
9258	 76
9259	 83
9260	 70
9261	 88
9262	 89
9263	 94
9264	 73
9265	 86
9266	 78
9267	 79
9268	 90
9269	 81
9270	 81
9271	 88
9272	 76
9273	 74
9274	 78
9275	 78
9276	 96
9277	 82
9278	 83
9279	 76
9280	 63
9281	 81
9282	 66
9283	 71
9284	 75
9285	 90
9286	 87
9287	 82
9288	 90
9289	 99
9290	 79
9291	 76
9292	 71
9293	 90
9294	 74
9295	 71
9296	 70
9297	 66
9298	 51
9299	 86
9300	 66
9301	 75
9302	 99
9303	 69
9304	 72
9305	 71
9306	 72
9307	 78
9308	 81
9309	 58
9310	 91
9311	 73
9312	 70
9313	 63
9314	 70
9315	 73
9316	 85
9317	 89
9318	 94
9319	 99
9320	 78
9321	 90
9322	 76
9323	 85
9324	 80
9325	 84
9326	 69
9327	 61
9328	 68
9329	 86
9330	 73
9331	 82
9332	 92
9333	 74
9334	 93
9335	 68
9336	 60
9337	 86
9338	 62
9339	 82
9340	 76
9341	 92
9342	 74
9343	 95
9344	 86
9345	 75
9346	 79
9347	 55
9348	 99
9349	 87
9350	 49
9351	 80
9352	 92
9353	 92
9354	 79
9355	 80
9356	 64
9357	 85
9358	 91
9359	 89
9360	 75
9361	 66
9362	 85
9363	 72
9364	 74
9365	 65
9366	 78
9367	 89
9368	 68
9369	 57
9370	 98
9371	 71
9372	 78
9373	 61
9374	 75
9375	 88
9376	 42
9377	 82
9378	 72
9379	 71
9380	 31
9381	 78
9382	 80
9383	 79
9384	 78
9385	 57
9386	 72
9387	 86
9388	 72
9389	 87
9390	 87
9391	 91
9392	 91
9393	 89
9394	 58
9395	 76
9396	 69
9397	 83
9398	 86
9399	 77
9400	 76
9401	 81
9402	 70
9403	 65
9404	 59
9405	 78
9406	 85
9407	 87
9408	 78
9409	 79
9410	 89
9411	 80
9412	 81
9413	 91
9414	 36
9415	 78
9416	 87
9417	 75
9418	 79
9419	 83
9420	 78
9421	 77
9422	 89
9423	 77
9424	 97
9425	 84
9426	 75
9427	 89
9428	 74
9429	 70
9430	 71
9431	 95
9432	 89
9433	 71
9434	 35
9435	 80
9436	 76
9437	 83
9438	 84
9439	 76
9440	 73
9441	 84
9442	 69
9443	 83
9444	 64
9445	 74
9446	 103
9447	 93
9448	 73
9449	 72
9450	 78
9451	 75
9452	 85
9453	 86
9454	 77
9455	 84
9456	 89
9457	 73
9458	 104
9459	 83
9460	 61
9461	 70
9462	 94
9463	 79
9464	 77
9465	 62
9466	 83
9467	 73
9468	 82
9469	 76
9470	 74
9471	 78
9472	 78
9473	 88
9474	 84
9475	 67
9476	 87
9477	 100
9478	 90
9479	 72
9480	 68
9481	 85
9482	 87
9483	 84
9484	 92
9485	 85
9486	 66
9487	 83
9488	 73
9489	 81
9490	 79
9491	 85
9492	 81
9493	 82
9494	 81
9495	 67
9496	 73
9497	 79
9498	 75
9499	 71
9500	 90
9501	 47
9502	 74
9503	 82
9504	 72
9505	 83
9506	 71
9507	 80
9508	 62
9509	 90
9510	 86
9511	 68
9512	 88
9513	 76
9514	 94
9515	 71
9516	 84
9517	 90
9518	 36
9519	 74
9520	 80
9521	 79
9522	 83
9523	 76
9524	 88
9525	 86
9526	 90
9527	 70
9528	 94
9529	 80
9530	 60
9531	 78
9532	 66
9533	 73
9534	 78
9535	 82
9536	 74
9537	 81
9538	 71
9539	 75
9540	 84
9541	 89
9542	 84
9543	 71
9544	 75
9545	 76
9546	 85
9547	 80
9548	 99
9549	 76
9550	 73
9551	 83
9552	 78
9553	 88
9554	 36
9555	 85
9556	 70
9557	 76
9558	 79
9559	 76
9560	 74
9561	 96
9562	 90
9563	 112
9564	 44
9565	 73
9566	 82
9567	 89
9568	 71
9569	 68
9570	 87
9571	 84
9572	 71
9573	 86
9574	 83
9575	 69
9576	 72
9577	 78
9578	 61
9579	 86
9580	 93
9581	 98
9582	 87
9583	 86
9584	 69
9585	 70
9586	 78
9587	 103
9588	 94
9589	 102
9590	 85
9591	 83
9592	 89
9593	 86
9594	 75
9595	 78
9596	 72
9597	 90
9598	 90
9599	 104
9600	 72
9601	 73
9602	 93
9603	 65
9604	 77
9605	 79
9606	 67
9607	 84
9608	 66
9609	 75
9610	 85
9611	 59
9612	 72
9613	 73
9614	 95
9615	 73
9616	 83
9617	 66
9618	 89
9619	 89
9620	 79
9621	 88
9622	 65
9623	 86
9624	 83
9625	 73
9626	 85
9627	 87
9628	 72
9629	 74
9630	 70
9631	 49
9632	 48
9633	 88
9634	 68
9635	 69
9636	 68
9637	 79
9638	 87
9639	 82
9640	 72
9641	 90
9642	 80
9643	 77
9644	 77
9645	 69
9646	 73
9647	 84
9648	 74
9649	 83
9650	 39
9651	 72
9652	 86
9653	 83
9654	 95
9655	 83
9656	 84
9657	 69
9658	 70
9659	 68
9660	 71
9661	 57
9662	 79
9663	 76
9664	 73
9665	 74
9666	 92
9667	 71
9668	 84
9669	 83
9670	 91
9671	 73
9672	 79
9673	 92
9674	 71
9675	 82
9676	 83
9677	 74
9678	 83
9679	 85
9680	 79
9681	 73
9682	 82
9683	 79
9684	 70
9685	 70
9686	 91
9687	 76
9688	 70
9689	 73
9690	 75
9691	 75
9692	 84
9693	 73
9694	 58
9695	 81
9696	 70
9697	 74
9698	 80
9699	 61
9700	 78
9701	 76
9702	 80
9703	 77
9704	 80
9705	 83
9706	 72
9707	 87
9708	 72
9709	 74
9710	 87
9711	 76
9712	 81
9713	 78
9714	 85
9715	 76
9716	 51
9717	 59
9718	 68
9719	 86
9720	 70
9721	 86
9722	 85
9723	 83
9724	 72
9725	 79
9726	 99
9727	 69
9728	 69
9729	 68
9730	 74
9731	 76
9732	 83
9733	 88
9734	 81
9735	 47
9736	 72
9737	 67
9738	 80
9739	 74
9740	 75
9741	 71
9742	 66
9743	 41
9744	 80
9745	 68
9746	 93
9747	 69
9748	 73
9749	 76
9750	 79
9751	 62
9752	 57
9753	 79
9754	 81
9755	 71
9756	 87
9757	 69
9758	 95
9759	 82
9760	 62
9761	 73
9762	 85
9763	 61
9764	 60
9765	 56
9766	 77
9767	 57
9768	 85
9769	 88
9770	 82
9771	 84
9772	 70
9773	 87
9774	 74
9775	 102
9776	 91
9777	 75
9778	 80
9779	 71
9780	 73
9781	 79
9782	 69
9783	 83
9784	 70
9785	 98
9786	 68
9787	 87
9788	 79
9789	 67
9790	 101
9791	 82
9792	 80
9793	 91
9794	 77
9795	 39
9796	 94
9797	 58
9798	 42
9799	 80
9800	 85
9801	 41
9802	 73
9803	 74
9804	 82
9805	 78
9806	 36
9807	 71
9808	 80
9809	 67
9810	 65
9811	 86
9812	 89
9813	 75
9814	 67
9815	 67
9816	 87
9817	 66
9818	 106
9819	 99
9820	 79
9821	 75
9822	 86
9823	 80
9824	 100
9825	 87
9826	 79
9827	 70
9828	 90
9829	 71
9830	 82
9831	 79
9832	 73
9833	 63
9834	 74
9835	 83
9836	 99
9837	 51
9838	 80
9839	 93
9840	 78
9841	 76
9842	 83
9843	 66
9844	 64
9845	 91
9846	 89
9847	 76
9848	 81
9849	 79
9850	 82
9851	 77
9852	 74
9853	 75
9854	 74
9855	 84
9856	 74
9857	 57
9858	 72
9859	 74
9860	 86
9861	 68
9862	 90
9863	 70
9864	 90
9865	 82
9866	 87
9867	 81
9868	 80
9869	 47
9870	 51
9871	 75
9872	 81
9873	 78
9874	 76
9875	 84
9876	 71
9877	 86
9878	 69
9879	 78
9880	 48
9881	 58
9882	 85
9883	 68
9884	 67
9885	 76
9886	 73
9887	 36
9888	 88
9889	 74
9890	 73
9891	 70
9892	 72
9893	 48
9894	 75
9895	 82
9896	 83
9897	 65
9898	 106
9899	 81
9900	 73
9901	 75
9902	 84
9903	 85
9904	 86
9905	 82
9906	 74
9907	 83
9908	 72
9909	 74
9910	 72
9911	 78
9912	 73
9913	 64
9914	 84
9915	 91
9916	 94
9917	 86
9918	 80
9919	 73
9920	 77
9921	 101
9922	 62
9923	 76
9924	 93
9925	 72
9926	 72
9927	 74
9928	 75
9929	 79
9930	 83
9931	 82
9932	 60
9933	 77
9934	 76
9935	 97
9936	 81
9937	 75
9938	 68
9939	 73
9940	 73
9941	 75
9942	 83
9943	 91
9944	 90
9945	 87
9946	 92
9947	 85
9948	 70
9949	 78
9950	 77
9951	 72
9952	 71
9953	 74
9954	 87
9955	 55
9956	 81
9957	 71
9958	 80
9959	 52
9960	 73
9961	 75
9962	 68
9963	 86
9964	 63
9965	 79
9966	 82
9967	 93
9968	 75
9969	 73
9970	 86
9971	 79
9972	 78
9973	 86
9974	 88
9975	 91
9976	 83
9977	 86
9978	 88
9979	 88
9980	 76
9981	 67
9982	 69
9983	 71
9984	 73
9985	 88
9986	 82
9987	 85
9988	 92
9989	 69
9990	 78
9991	 80
9992	 68
9993	 86
9994	 67
9995	 71
9996	 70
9997	 83
9998	 69
9999	 66
